910 1702
0.000000 0.000000
28.678571 0.000000
57.293956 0.000000
85.909341 0.000000
114.524725 0.000000
143.140110 0.000000
171.755495 0.000000
200.370879 0.000000
228.986264 0.000000
257.601648 0.000000
286.217033 0.000000
314.832418 0.000000
343.447802 0.000000
372.063187 0.000000
400.678571 0.000000
429.293956 0.000000
457.909341 0.000000
486.524725 0.000000
515.140110 0.000000
543.755495 0.000000
572.370879 0.000000
600.986264 0.000000
629.601648 0.000000
658.217033 0.000000
686.832418 0.000000
715.447802 0.000000
744.063187 0.000000
772.678571 0.000000
801.357143 0.000000
0.000000 28.678571
21.299334 24.533264
46.625108 24.552141
73.833409 24.927944
101.697286 25.202961
129.782991 25.376858
157.913238 25.539811
186.020603 25.845361
214.151508 26.525158
242.505911 27.841236
271.256882 29.662172
300.202819 31.772077
328.858056 34.147817
357.443339 36.484421
386.368409 36.534237
415.170571 34.071412
443.693860 31.054137
472.072262 28.527270
500.365541 27.285382
528.836388 27.007308
557.566078 27.227313
586.486629 27.605002
615.514890 27.993962
644.640323 28.394224
673.940382 28.875405
703.618685 29.590152
734.332137 30.957222
769.392419 34.585895
801.357143 28.678571
0.000000 55.285714
16.042948 45.666991
36.449337 48.301936
62.195985 49.549810
89.278705 50.262938
116.854442 50.650304
144.567950 50.868482
172.211889 51.148763
199.719985 51.859288
227.304644 53.606186
255.733823 57.255194
285.279583 61.105797
314.772681 65.717751
342.449135 70.913458
371.473378 77.311698
401.381472 71.338725
429.607516 65.502794
458.110269 58.225641
485.830875 54.601443
513.789929 53.579390
542.401966 53.954464
571.545602 54.799086
600.936355 55.610910
630.438330 56.354337
660.129831 57.141977
690.204138 58.126227
720.955312 59.582121
752.515452 61.985190
779.443308 65.194575
801.357143 55.285714
0.000000 81.892857
22.466037 71.535529
50.066537 73.974047
76.922723 75.280153
104.168281 75.966920
131.631245 76.224349
159.013428 76.271779
186.035217 76.509211
212.594715 77.522828
239.120492 80.635512
268.934341 90.682324
300.776348 91.546955
331.069882 104.821555
391.817897 104.945956
445.438425 88.661993
472.020145 81.010662
498.628821 78.985865
526.677426 79.647347
555.997286 81.470857
585.885748 82.929162
615.747195 83.985860
645.661636 85.000114
675.894413 86.102017
706.686366 87.465875
738.375165 89.368131
772.594383 92.223227
801.357143 81.892857
0.000000 108.500000
16.707615 96.887232
37.995766 98.740098
64.369305 100.437103
91.457469 101.490674
118.865038 101.893955
146.318071 101.695844
173.315429 101.185616
199.354425 101.069021
224.031668 101.460123
246.122065 103.288755
291.600652 118.675088
313.000628 108.280151
351.077360 106.998242
369.776020 113.967593
413.851281 109.667411
438.309874 114.362852
460.732490 103.205896
483.381648 102.388908
510.074511 102.694331
539.173069 107.205750
570.300298 110.294557
600.787837 111.417274
630.773382 112.605441
660.986919 113.812043
691.697844 115.066247
722.991447 116.550636
754.508036 118.401780
780.604398 120.220072
801.357143 108.500000
0.000000 135.107143
23.076243 123.767799
51.288794 125.839222
78.484485 127.299045
105.934986 128.067805
133.680138 127.919436
161.402775 126.681590
187.767643 124.888247
212.380220 124.850325
234.616258 121.396507
293.636901 129.397638
312.054090 146.106732
331.633713 144.275656
365.202441 152.750214
395.516886 150.736946
426.173679 153.667515
445.523357 141.497949
494.321889 118.834186
518.265078 129.110528
553.724053 140.022812
586.233586 138.726137
615.786692 139.965568
645.670261 141.453377
676.224435 142.645641
707.403839 143.821376
739.277538 145.180386
773.205230 146.868204
801.357143 135.107143
0.000000 161.714286
16.974978 149.810296
38.566462 151.490908
65.240345 153.300973
92.615832 154.659439
120.506795 155.145581
149.052964 154.033445
178.281902 150.368751
201.870094 145.176022
287.622709 151.655465
273.248907 219.408846
286.899443 186.233312
318.403866 176.173310
347.698996 173.797480
378.453825 188.326281
417.966794 178.030365
446.022923 202.345570
471.316738 196.562062
453.096714 168.353442
495.375468 130.372966
555.799269 169.792074
575.511805 164.327523
601.290537 166.332380
629.964867 169.260686
660.286172 170.431478
691.302552 171.289192
722.929828 172.195831
754.627020 173.244253
780.705291 174.209398
801.357143 161.714286
0.000000 188.321429
23.232080 176.971544
51.585989 179.256153
78.899860 181.261984
106.627719 182.882502
135.128409 183.312358
165.317210 180.774489
204.280218 170.660028
263.906427 122.270757
232.099107 208.623923
277.933318 249.885687
318.116976 223.682580
344.801133 207.461942
382.490811 271.866395
408.536733 204.752439
446.532985 240.214593
478.687570 226.160520
486.184464 184.928097
464.513163 129.607987
550.330486 199.970127
568.644817 183.933961
587.378235 187.160243
612.868420 198.555777
643.888536 198.825863
674.668387 199.113464
706.304448 199.526397
738.664649 200.112566
772.979987 200.898662
801.357143 188.321429
0.000000 214.928571
16.974743 203.143644
38.521835 205.064592
65.054143 207.447812
92.273266 210.026290
120.340096 212.890820
148.924142 214.148684
176.234941 212.124596
211.213589 222.729539
228.622528 238.494226
245.623063 235.004207
299.709423 247.418779
336.756573 239.506216
350.048801 259.479356
413.559556 245.412893
438.681349 256.705748
492.592020 201.022685
511.971654 182.650312
595.541018 245.829170
574.204092 198.420975
591.749987 211.391976
607.591708 228.736827
628.216795 228.182438
657.329421 227.410178
688.902532 227.195881
721.361597 227.249683
753.786850 227.559308
780.362673 227.914444
801.357143 214.928571
0.000000 241.535714
23.119269 230.432456
51.163159 233.136905
77.877798 235.942376
104.836176 239.733882
134.247494 247.242680
162.275009 248.548040
196.041787 248.257397
239.898334 275.771564
296.583719 267.804631
324.910581 268.529083
356.285732 278.636780
401.330038 270.007345
422.976351 271.545249
445.559468 273.467162
463.019525 275.744059
464.411374 253.587148
507.536238 205.332613
569.363476 258.579978
592.085860 274.069420
609.583226 259.724510
638.041926 255.840339
670.262513 255.300881
703.493658 254.572031
737.021704 254.529585
772.333317 254.649394
801.357143 241.535714
0.000000 268.142857
16.914489 256.539841
38.258887 258.678961
64.143464 261.256923
89.791352 264.054496
114.481441 268.248564
134.612872 275.229466
154.258671 271.900620
276.845747 282.824408
303.607617 290.340941
331.470747 296.490065
357.428022 303.862445
406.638106 293.527756
431.949979 290.422118
452.159585 293.107724
466.489102 296.484593
486.513632 262.013001
531.077031 268.370462
569.015558 299.778907
613.860337 279.101106
649.002238 285.321379
684.810637 281.462768
718.609420 281.690344
752.551226 281.454280
779.900297 281.408117
801.357143 268.142857
0.000000 294.750000
23.193017 283.910014
51.016475 286.799490
76.747476 288.931781
100.654814 290.215932
122.739732 293.016880
147.334059 295.739459
199.493695 295.222603
257.415542 303.490112
281.937761 310.426366
310.064945 315.919725
336.555196 321.653735
380.174799 305.492266
421.971121 301.593187
442.218287 309.631644
463.762679 312.824529
496.998817 314.097943
545.994646 308.658309
595.151623 301.402832
619.658957 308.368771
647.126012 315.002419
669.258904 302.171649
698.243470 309.717653
735.543843 308.402941
771.905942 308.043173
801.357143 294.750000
0.000000 321.357143
17.261571 309.979663
38.896920 312.481019
64.854288 315.540741
90.018151 315.725743
110.144094 311.320421
129.206425 317.348874
155.893507 323.638756
183.005914 320.581288
254.141831 333.186435
289.682564 336.762615
317.233144 339.817984
339.513049 342.633264
363.584271 331.221680
392.845087 328.576633
430.729986 328.168048
452.759483 331.633003
471.968133 331.960727
522.933102 342.157534
571.153565 318.137338
605.135767 328.961380
628.934855 330.974187
667.115263 319.352804
693.092980 339.863123
719.280260 335.077859
752.681997 334.432252
779.957565 334.496033
801.357143 321.357143
0.000000 347.964286
24.216404 337.401170
52.836384 341.257130
79.606179 348.051404
108.097740 340.295882
113.502249 360.410585
180.785478 345.728944
202.986279 364.619213
249.969162 365.050152
273.808783 360.832268
301.021208 360.358511
326.523572 361.605879
420.448107 359.450577
442.884243 354.448621
465.001988 352.747343
481.321191 348.492903
501.389733 363.624165
560.196203 345.673876
593.575186 359.982450
622.341470 354.902413
650.413428 347.635585
679.441436 354.605204
699.203137 358.160499
736.923573 359.889505
772.490897 360.682708
801.357143 347.964286
0.000000 374.571429
18.515622 363.089668
42.002189 365.680704
67.440098 368.389123
95.455163 375.450854
120.101765 381.926492
180.514438 365.012852
197.879841 386.378733
223.606099 390.648657
260.423624 386.196730
287.721363 383.408626
311.245628 379.699954
370.584212 372.204128
404.326458 374.976996
431.037630 377.793889
457.329084 376.895244
483.751415 373.048120
551.698023 372.398007
575.822705 372.709615
598.172137 387.717207
615.602770 382.839071
640.389089 379.021168
667.548177 379.590231
699.276575 383.028708
723.373321 384.749263
754.521440 386.233761
780.646964 387.191076
801.357143 374.571429
0.000000 401.178571
26.358490 389.831344
62.644681 394.116660
83.172550 394.910533
108.907646 399.019239
135.918412 398.096390
182.315957 394.789590
246.776875 410.707373
275.518504 408.429527
304.528802 404.862941
336.487529 388.248617
378.594040 394.949970
389.484060 402.691822
417.181574 397.947840
444.056047 403.042959
477.242782 400.288648
520.223373 396.239284
575.471977 397.776535
632.059075 403.569454
654.372345 405.589449
681.397968 407.660745
710.132337 409.581936
740.190811 411.600935
773.513880 413.288757
801.357143 401.178571
0.000000 427.785714
18.735056 414.931648
42.610572 415.251082
69.256050 413.289526
95.331267 419.199624
123.466020 424.534847
149.546469 413.540614
213.808551 416.410152
208.513239 434.503092
239.658190 431.684743
262.460882 432.785391
291.443223 432.535657
324.927274 436.797722
363.995688 403.678572
369.322922 434.880879
384.593412 416.032009
417.003491 431.233171
464.541282 434.098097
493.555012 418.407229
514.008813 425.784671
586.705893 410.425109
588.135064 436.204173
607.081316 411.841235
642.851310 438.555908
661.989974 425.138719
692.395425 433.570666
724.166141 436.881129
755.447813 438.870565
781.084369 440.160563
801.357143 427.785714
0.000000 454.392857
24.705174 440.611414
53.962582 438.725576
81.390156 433.098901
149.277416 435.849015
187.620875 485.926838
218.121177 472.557238
244.408329 455.301696
277.142749 457.991355
304.255406 454.286946
344.833163 467.363703
395.605778 452.587107
422.379464 462.135845
440.077098 462.073428
467.617277 467.324581
485.019705 454.788904
491.758645 435.625023
575.177396 452.170030
587.775265 464.235094
638.975527 469.330714
669.841874 459.325801
706.848307 462.835396
739.989872 464.826972
773.749637 466.464875
801.357143 454.392857
0.000000 481.000000
17.735868 467.128511
39.890250 466.063458
65.921745 464.037747
87.730799 463.864013
105.794796 450.346513
119.485608 455.695084
135.548039 505.874051
216.963751 499.282152
236.537582 489.553857
263.492052 485.562506
296.874017 487.449507
376.730469 485.598636
418.023707 487.475215
450.897393 490.173070
474.205226 491.319968
490.963003 471.493200
531.981842 459.172407
576.970526 475.191502
601.107764 462.455159
625.943239 491.468215
655.133939 494.848354
690.700864 491.000496
724.000177 491.406879
755.732596 492.502656
781.282631 493.500374
801.357143 481.000000
0.000000 507.607143
24.082751 493.573719
52.931420 492.301253
79.624065 490.170336
105.923036 481.664557
130.468235 482.915708
196.027806 500.054967
207.191013 520.257567
226.943197 513.987892
249.301961 510.631615
276.705673 512.441758
309.028925 503.750234
336.473050 500.351949
363.946054 525.261805
380.303792 516.793681
416.254397 522.391068
438.887349 516.407346
466.573801 516.436641
494.974770 511.171377
524.385619 505.055971
564.883900 493.855966
597.485573 495.154608
627.868043 511.540961
653.800345 522.071786
678.808691 519.200290
709.574208 518.385879
741.157988 518.889502
774.217694 519.927123
801.357143 507.607143
0.000000 534.214286
17.773514 520.650420
40.246947 520.262677
67.821785 519.695550
97.415665 519.454722
120.942708 509.202711
181.029213 548.937594
214.993368 539.025847
236.674962 525.177689
286.077140 550.190022
317.887555 554.606480
343.930227 541.098371
386.056297 524.735055
409.618912 543.043837
428.685682 540.293258
452.889158 541.673592
487.589029 547.873071
526.132026 534.848637
549.002206 534.719352
579.923385 534.017717
615.412461 528.472253
639.795918 540.547331
667.395600 544.222066
696.248057 544.673146
726.530471 545.144851
756.893628 545.969503
781.743246 546.806340
801.357143 534.214286
0.000000 560.821429
24.537575 547.592821
54.334506 547.758829
82.379020 548.220943
104.665107 549.550646
120.556076 537.673760
182.926908 555.894676
214.727595 571.860041
255.463235 537.066165
282.340169 581.794792
339.653265 570.642820
366.693353 559.225376
397.341595 566.345741
419.756556 561.453681
434.707690 556.789187
460.891433 572.241042
521.596742 578.591307
577.091564 561.946513
621.270722 568.221675
653.028753 568.755499
682.692558 570.084788
712.487316 571.001380
742.821732 571.949916
774.890490 573.099394
801.357143 560.821429
0.000000 587.428571
18.165888 574.469936
41.242640 574.970052
69.780631 575.807554
100.259263 577.054658
124.263387 588.799067
122.718129 565.346574
144.716868 584.145613
202.964953 596.028854
235.173927 583.029076
259.150665 581.673970
301.963617 579.996964
326.672157 581.960495
353.545892 591.569161
382.379740 594.925378
411.082415 595.772019
439.918986 590.256914
465.764677 594.400208
490.065341 580.148153
526.683974 615.046418
567.882652 592.936576
608.114159 591.816926
638.414998 594.111209
668.603699 595.346653
698.392806 596.510846
728.238534 597.645379
757.889695 598.839350
782.170495 599.880804
801.357143 587.428571
0.000000 614.035714
25.049711 601.536075
55.589123 602.653377
84.882201 604.185348
113.130624 607.470534
140.494388 609.977699
174.414487 613.001751
204.190500 620.510085
226.959605 604.256040
251.777500 607.289399
278.517247 602.538504
304.953749 619.368993
338.587489 619.244805
367.288519 623.417472
398.325926 633.224055
428.771643 628.427429
458.459183 622.715620
479.489324 606.639803
500.603888 608.899956
503.234066 645.938762
560.647618 611.328990
591.382002 620.055046
624.734083 619.784915
654.740009 620.742464
684.354726 621.876282
713.980949 623.111573
743.858834 624.459810
775.357817 626.001072
801.357143 614.035714
0.000000 640.642857
18.459800 628.108585
41.891697 629.085735
70.690273 630.334882
99.846790 631.790912
129.041209 633.016128
157.401822 633.433932
195.293771 653.834142
221.319693 635.429662
239.945837 627.131791
270.917689 645.107055
292.855410 657.757849
325.162227 648.977902
353.901415 650.176326
376.989451 651.367197
470.987840 650.984289
482.554674 627.035603
547.337780 630.473154
593.938065 647.508302
614.019266 645.809691
641.736065 646.175220
670.598967 647.161882
699.813736 648.385415
729.227813 649.792411
758.458209 651.369409
782.413007 652.779673
801.357143 640.642857
0.000000 667.250000
25.358160 655.242526
56.204736 656.639129
85.729790 657.655595
115.609886 658.084662
147.766529 657.341098
220.220756 652.553530
241.307702 654.292442
268.771119 670.067428
289.552644 680.529662
312.071721 667.958018
348.603016 679.362270
366.776902 678.689728
398.653832 671.329587
423.115280 667.330981
441.728419 661.265905
528.794783 654.769512
582.909176 635.103639
578.251487 666.489719
603.129706 670.084290
629.198253 671.251829
657.128912 672.302091
685.822857 673.491016
714.898440 674.880013
744.357083 676.548534
775.534631 678.635033
801.357143 667.250000
0.000000 693.857143
18.660505 681.801167
42.291338 683.170534
71.268968 684.346508
100.760610 684.739530
130.517063 683.967642
158.737415 681.712719
222.961873 666.657920
245.016960 683.099772
272.976317 699.617814
301.088653 707.247212
327.544410 709.138539
358.263744 708.576195
385.280567 708.917361
403.912182 712.647245
443.079420 704.043933
463.057384 696.989179
493.120820 694.592070
519.828195 679.561155
557.030499 689.563252
587.723259 693.574812
615.650197 695.872983
643.528376 697.268288
671.891602 698.465457
700.607096 699.751794
729.562672 701.311068
758.460778 703.303253
782.338958 705.337183
801.357143 693.857143
0.000000 720.464286
25.653449 709.485828
56.603340 711.508781
86.025798 712.367209
115.414395 712.018479
144.815815 709.913009
175.295415 703.510411
205.259548 701.066838
232.403884 708.094623
259.162379 717.597667
286.902154 725.322958
314.679964 729.402441
342.886629 730.867448
370.902521 731.316712
397.131666 731.689011
425.230694 729.828472
453.738033 725.579843
481.059351 721.770463
509.753032 717.353637
540.204667 715.989252
571.395381 718.660072
600.882735 720.779647
629.440578 722.280286
657.862666 723.437945
686.401085 724.541942
715.066518 725.821246
743.986200 727.561428
774.985039 730.426160
801.357143 720.464286
0.000000 747.071429
19.152967 736.542916
42.866648 739.056366
71.515028 740.627306
100.594122 740.964796
129.774996 740.162017
159.157785 738.110758
188.510072 736.428378
217.093891 737.877643
244.930068 742.268120
272.745870 747.179538
300.760073 750.885129
328.897373 752.940557
357.030329 753.814168
384.819680 754.019716
412.640622 753.390833
440.877353 751.610322
469.118330 749.231019
497.562732 746.874212
526.737311 745.333422
556.479616 745.463622
586.049223 746.590137
615.037296 747.700135
643.682753 748.623096
672.232252 749.448637
700.746675 750.326348
729.095381 751.434620
756.746703 753.072038
780.648264 756.173417
801.357143 747.071429
0.000000 773.678571
27.244995 766.636802
57.030778 769.537049
85.970554 770.330802
114.865406 770.285107
143.804243 769.683094
172.748240 768.971331
201.507763 769.036654
229.954139 770.373014
258.221986 772.484424
286.499521 774.511274
314.835458 775.939206
343.190458 776.714079
371.482556 777.003086
399.725992 776.882795
428.052234 776.298021
456.476649 775.323135
484.987641 774.222374
513.712915 773.331627
542.704484 772.987017
571.782211 773.221392
600.715735 773.715840
629.451880 774.211727
658.071637 774.659614
686.628607 775.102514
715.056063 775.608789
742.969977 776.217638
768.795262 776.618855
801.357143 773.678571
0.000000 800.285714
28.678571 800.285714
42.986264 800.285714
71.601648 800.285714
100.217033 800.285714
128.832418 800.285714
157.447802 800.285714
186.063187 800.285714
214.678571 800.285714
243.293956 800.285714
271.909341 800.285714
300.524725 800.285714
329.140110 800.285714
357.755495 800.285714
386.370879 800.285714
414.986264 800.285714
443.601648 800.285714
472.217033 800.285714
500.832418 800.285714
529.447802 800.285714
558.063187 800.285714
586.678571 800.285714
615.293956 800.285714
643.909341 800.285714
672.524725 800.285714
701.140110 800.285714
729.755495 800.285714
758.370879 800.285714
772.678571 800.285714
564.668972 418.586395
271.643183 161.466240
530.784876 160.707427
226.639973 155.113651
559.732800 238.716049
153.276301 459.664590
572.916996 209.649044
146.724857 376.657687
141.850467 554.854271
544.779092 663.104976
504.401838 143.940923
491.922549 240.741121
131.027520 340.082436
147.634055 485.392309
169.752522 499.799714
252.361017 185.013434
135.746184 527.631496
389.310751 219.292281
177.582895 445.337628
358.596859 219.788575
230.482043 316.040074
384.900379 357.468422
353.608482 358.893000
384.312826 380.143321
529.074774 224.378392
217.827935 269.839397
357.586571 434.743004
194.615766 311.710138
361.120519 250.182917
193.706518 403.907890
166.763205 392.901928
172.307012 416.322295
184.393345 280.831437
215.753789 303.810591
387.358591 255.735999
376.478952 289.691093
371.178098 260.542347
354.133302 496.048143
394.564459 282.697076
181.415197 379.901221
208.660815 282.531000
2 1 31
31 1 30
813 812 842
842 812 841
3 2 32
32 2 31
814 813 843
843 813 842
4 3 33
33 3 32
815 814 844
844 814 843
5 4 34
34 4 33
816 815 845
845 815 844
6 5 35
35 5 34
817 816 846
846 816 845
7 6 36
36 6 35
818 817 847
847 817 846
8 7 37
37 7 36
819 818 848
848 818 847
9 8 38
38 8 37
820 819 849
849 819 848
10 9 39
39 9 38
821 820 850
850 820 849
11 10 40
40 10 39
822 821 851
851 821 850
12 11 41
41 11 40
823 822 852
852 822 851
13 12 42
42 12 41
824 823 853
853 823 852
14 13 43
43 13 42
825 824 854
854 824 853
15 14 44
44 14 43
826 825 855
855 825 854
16 15 45
45 15 44
827 826 856
856 826 855
17 16 46
46 16 45
828 827 857
857 827 856
18 17 47
47 17 46
829 828 858
858 828 857
19 18 48
48 18 47
830 829 859
859 829 858
20 19 49
49 19 48
831 830 860
860 830 859
21 20 50
50 20 49
832 831 861
861 831 860
22 21 51
51 21 50
833 832 862
862 832 861
23 22 52
52 22 51
834 833 863
863 833 862
24 23 53
53 23 52
835 834 864
864 834 863
25 24 54
54 24 53
836 835 865
865 835 864
26 25 55
55 25 54
837 836 866
866 836 865
27 26 56
56 26 55
838 837 867
867 837 866
28 27 57
57 27 56
839 838 868
868 838 867
29 28 58
58 28 57
840 839 869
869 839 868
31 30 60
60 30 59
58 57 88
88 57 87
60 59 90
90 59 89
88 87 115
115 87 114
90 89 117
117 89 116
115 114 145
145 114 144
117 116 147
147 116 146
145 144 173
173 144 172
147 146 175
175 146 174
173 172 203
203 172 202
175 174 205
205 174 204
203 202 232
232 202 231
205 204 234
234 204 233
232 231 261
261 231 260
234 233 263
263 233 262
261 260 288
288 260 287
263 262 290
290 262 289
288 287 314
314 287 313
290 289 316
316 289 315
314 313 340
340 313 339
316 315 342
342 315 341
340 339 368
368 339 367
342 341 370
370 341 369
368 367 394
394 367 393
370 369 396
396 369 395
394 393 422
422 393 421
396 395 424
424 395 423
422 421 447
447 421 446
424 423 449
449 423 448
447 446 477
477 446 476
449 448 479
479 448 478
477 476 502
502 476 501
479 478 504
504 478 503
502 501 529
529 501 528
504 503 531
531 503 530
529 528 558
558 528 557
531 530 560
560 530 559
558 557 586
586 557 585
560 559 588
588 559 587
586 585 611
611 585 610
588 587 613
613 587 612
611 610 640
640 610 639
613 612 642
642 612 641
640 639 669
669 639 668
642 641 671
671 641 670
669 668 696
696 668 695
671 670 698
698 670 697
696 695 723
723 695 722
698 697 725
725 697 724
723 722 752
752 722 751
725 724 754
754 724 753
752 751 781
781 751 780
754 753 783
783 753 782
781 780 811
811 780 810
783 782 813
813 782 812
811 810 840
840 810 839
32 31 61
91 61 90
33 32 62
92 62 91
34 33 63
93 63 92
35 34 64
94 64 93
36 35 65
95 65 94
37 36 66
96 66 95
38 37 67
97 67 96
39 38 68
98 68 97
40 39 69
99 69 98
41 40 70
100 70 99
42 41 71
101 71 100
43 42 72
129 72 101
44 43 73
130 73 129
45 44 74
131 74 102
46 45 75
103 75 131
47 46 76
104 76 103
48 47 77
105 77 104
49 48 78
106 78 105
50 49 79
107 79 106
51 50 80
108 80 107
52 51 81
109 81 108
53 52 82
110 82 109
54 53 83
111 83 110
55 54 84
112 84 111
56 55 85
113 85 112
57 56 86
114 86 113
61 31 60
61 60 90
62 32 61
62 61 91
63 33 62
63 62 92
64 34 63
64 63 93
65 35 64
65 64 94
66 36 65
66 65 95
67 37 66
67 66 96
68 38 67
68 67 97
69 39 68
69 68 98
70 40 69
70 69 99
71 41 70
71 70 100
72 42 71
72 71 101
73 43 72
73 72 129
74 44 73
74 73 102
75 45 74
75 74 131
76 46 75
76 75 103
77 47 76
77 76 104
78 48 77
78 77 105
79 49 78
79 78 106
80 50 79
80 79 107
81 51 80
81 80 108
82 52 81
82 81 109
83 53 82
83 82 110
84 54 83
84 83 111
85 55 84
85 84 112
86 56 85
86 85 113
87 57 86
87 86 114
91 90 118
148 118 147
92 91 119
149 119 148
93 92 120
150 120 149
94 93 121
151 121 150
95 94 122
152 122 151
96 95 123
153 123 152
97 96 124
154 124 153
98 97 125
155 125 154
99 98 126
212 126 155
100 99 127
128 156 157
101 100 128
158 128 157
158 130 129
73 130 102
160 130 159
161 131 160
103 131 132
162 161 192
104 103 133
222 132 162
105 104 134
133 222 134
106 105 135
164 135 163
107 106 136
165 136 164
108 107 137
166 137 165
109 108 138
167 138 166
110 109 139
168 139 167
111 110 140
169 140 168
112 111 141
170 141 169
113 112 142
171 142 170
114 113 143
172 143 171
118 90 117
118 117 147
119 91 118
119 118 148
120 92 119
120 119 149
121 93 120
121 120 150
122 94 121
122 121 151
123 95 122
123 122 152
124 96 123
124 123 153
125 97 124
125 124 154
126 98 125
126 125 155
212 99 126
99 212 127
128 100 127
156 128 127
158 101 128
101 158 129
130 158 159
160 102 130
102 160 131
132 131 161
133 103 132
161 162 132
134 104 133
132 222 133
135 105 134
135 134 163
136 106 135
136 135 164
137 107 136
137 136 165
138 108 137
138 137 166
139 109 138
139 138 167
140 110 139
140 139 168
141 111 140
141 140 169
142 112 141
142 141 170
143 113 142
143 142 171
144 114 143
144 143 172
148 147 176
206 176 205
149 148 177
207 177 206
150 149 178
208 178 207
151 150 179
209 179 208
152 151 180
210 180 209
153 152 181
211 181 210
154 153 182
873 182 211
873 155 154
871 183 212
127 212 156
243 184 213
183 157 156
184 215 185
158 157 186
216 186 215
159 158 187
188 889 887
160 159 188
889 188 216
161 160 189
190 218 219
189 192 161
220 190 219
249 191 220
222 162 192
880 192 221
164 163 193
880 193 222
872 165 164
224 194 223
166 165 195
225 195 224
167 166 196
226 196 225
168 167 197
227 197 226
169 168 198
228 198 227
170 169 199
229 199 228
171 170 200
230 200 229
172 171 201
231 201 230
176 147 175
176 175 205
177 148 176
177 176 206
178 149 177
178 177 207
179 150 178
179 178 208
180 151 179
180 179 209
181 152 180
181 180 210
182 153 181
182 181 211
873 154 182
156 212 183
871 185 183
885 185 871
186 183 185
244 184 214
183 186 157
186 185 215
187 158 186
187 186 216
188 159 187
216 188 187
189 160 188
189 188 218
192 189 190
218 190 189
191 192 190
191 190 220
192 191 221
134 222 163
163 222 193
880 164 193
165 872 194
195 165 194
195 194 224
196 166 195
196 195 225
197 167 196
197 196 226
198 168 197
198 197 227
199 169 198
199 198 228
200 170 199
200 199 229
201 171 200
201 200 230
202 172 201
202 201 231
206 205 235
264 235 263
207 206 236
265 236 264
208 207 237
266 237 265
209 208 238
267 238 266
210 209 239
268 239 267
211 210 240
269 240 268
213 211 241
211 885 873
184 243 214
297 214 270
184 244 215
272 244 271
216 215 245
246 272 273
219 218 247
275 247 274
278 219 248
276 248 275
191 249 221
219 278 220
880 250 872
279 220 881
872 250 223
874 223 894
224 223 252
281 251 280
252 225 224
282 251 281
253 226 225
251 282 254
227 226 255
283 255 282
228 227 256
284 256 283
229 228 257
285 257 284
230 229 258
286 258 285
231 230 259
287 259 286
235 205 234
235 234 263
236 206 235
236 235 264
237 207 236
237 236 265
238 208 237
238 237 266
239 209 238
239 238 267
240 210 239
240 239 268
241 211 240
241 240 269
213 241 242
269 242 241
243 213 242
243 242 270
270 214 243
214 271 244
245 215 244
245 244 272
272 246 245
887 247 218
904 247 887
248 219 247
248 247 275
278 248 276
278 276 277
250 221 249
881 220 278
279 223 250
249 279 250
876 252 223
874 280 251
225 252 253
876 253 252
226 253 254
251 254 253
255 226 254
255 254 282
256 227 255
256 255 283
257 228 256
257 256 284
258 229 257
258 257 285
259 230 258
259 258 286
260 231 259
260 259 287
264 263 291
317 291 316
265 264 292
318 292 317
266 265 293
319 293 318
267 266 294
320 294 319
296 267 295
321 295 320
897 321 349
895 270 242
214 297 271
324 297 323
272 271 298
325 298 324
273 272 299
326 299 325
905 273 300
354 300 326
275 274 301
355 301 327
276 275 302
329 302 328
277 276 303
330 303 329
305 277 304
331 304 330
881 278 305
304 331 305
874 306 280
332 306 331
281 280 307
360 307 332
282 281 308
334 308 333
283 282 308
309 334 335
284 283 309
336 309 335
285 284 310
337 310 336
286 285 311
338 311 337
287 286 312
339 312 338
291 263 290
291 290 316
292 264 291
292 291 317
293 265 292
293 292 318
294 266 293
294 293 319
295 267 294
295 294 320
267 296 268
296 295 321
270 323 297
298 271 297
298 297 324
299 272 298
299 298 325
300 273 299
300 299 326
905 300 327
908 327 301
302 275 301
302 301 328
303 276 302
303 302 329
304 277 303
304 303 330
277 305 278
894 881 306
306 305 331
307 280 306
307 306 332
333 281 307
281 333 308
309 283 308
334 309 308
310 284 309
310 309 336
311 285 310
311 310 337
312 286 311
312 311 338
313 287 312
313 312 339
317 316 343
371 343 370
318 317 344
372 344 371
319 318 345
320 319 346
345 373 346
321 320 347
882 373 374
348 877 375
376 349 375
350 376 377
324 323 350
378 350 377
325 324 351
379 351 378
326 325 352
380 352 379
354 326 353
301 355 328
381 891 408
329 328 356
382 356 381
330 329 357
383 357 382
331 330 358
384 358 383
359 384 385
412 359 385
307 360 333
387 360 386
334 333 361
388 361 387
335 334 362
389 362 388
336 335 363
390 363 389
363 337 336
391 364 390
338 337 365
392 365 391
339 338 366
393 366 392
343 316 342
343 342 370
344 317 343
344 343 371
345 318 344
345 344 372
346 319 345
373 345 372
347 320 346
347 346 373
348 321 347
373 882 347
349 348 375
351 324 350
351 350 378
352 325 351
352 351 379
353 326 352
353 352 380
300 354 327
355 327 354
892 354 353
356 328 355
356 355 381
357 329 356
357 356 382
358 330 357
358 357 383
331 358 384
332 331 359
384 359 331
386 332 359
332 386 360
361 333 360
361 360 387
362 334 361
362 361 388
389 335 362
335 389 363
337 363 364
364 363 390
365 337 364
365 364 391
366 338 365
366 365 392
367 339 366
367 366 393
371 370 397
425 397 424
372 371 398
426 398 425
427 399 426
399 374 372
428 400 427
372 374 373
877 348 882
401 376 375
909 376 401
377 376 403
430 403 455
378 377 404
431 404 430
379 378 405
432 405 431
380 379 406
433 406 432
891 381 355
436 408 435
382 381 409
437 409 436
383 382 410
438 410 437
384 383 411
439 411 438
411 385 384
440 439 870
359 412 386
414 468 470
413 387 386
468 414 440
388 387 415
441 415 470
389 388 416
442 416 441
390 389 417
443 417 442
391 390 418
444 418 443
392 391 419
445 419 444
393 392 420
446 420 445
397 370 396
397 396 424
398 371 397
398 397 425
399 372 398
399 398 426
374 399 400
400 399 427
374 400 877
877 400 428
376 909 402
403 376 402
404 377 403
404 403 430
405 378 404
405 404 431
406 379 405
406 405 432
409 381 408
409 408 436
410 382 409
410 409 437
411 383 410
411 410 438
439 385 411
385 439 412
386 412 413
413 412 440
387 413 414
440 414 413
415 387 414
415 414 470
416 388 415
416 415 441
417 389 416
417 416 442
418 390 417
418 417 443
419 391 418
419 418 444
420 392 419
420 419 445
421 393 420
421 420 446
425 424 450
480 450 479
426 425 451
481 451 480
427 426 452
428 427 453
508 453 452
888 484 456
430 455 457
456 485 457
431 430 458
486 458 485
432 431 459
487 459 486
433 432 460
488 460 487
407 461 434
461 463 434
489 462 488
464 435 463
464 489 490
437 436 464
491 464 490
438 437 465
492 465 491
439 438 466
465 493 494
870 439 467
466 494 467
469 870 495
496 469 495
471 469 522
442 441 471
497 471 522
443 442 472
471 498 472
444 443 473
499 473 498
445 444 474
500 474 499
446 445 475
501 475 500
450 424 449
450 449 479
451 425 450
451 450 480
452 426 451
452 451 481
453 427 452
508 452 481
454 428 453
454 453 482
901 482 888
485 456 484
456 457 455
458 430 457
458 457 485
459 431 458
459 458 486
460 432 459
460 459 487
461 433 460
896 460 488
463 461 462
896 462 461
434 463 435
463 462 489
435 464 436
489 464 463
465 437 464
465 464 491
466 438 465
493 465 492
467 439 466
465 494 466
870 468 440
520 467 494
469 470 468
870 469 468
522 469 496
471 441 470
469 471 470
472 442 471
498 471 497
473 443 472
473 472 498
474 444 473
474 473 499
475 445 474
475 474 500
476 446 475
476 475 501
480 479 505
532 505 531
481 480 506
533 506 532
534 507 533
453 508 509
509 534 535
510 535 564
888 875 483
511 536 537
536 484 483
538 511 537
485 484 512
539 512 538
486 485 513
540 513 539
487 486 514
541 514 540
514 488 487
907 542 543
489 488 515
907 515 488
571 516 544
491 490 516
492 491 517
547 517 546
519 492 518
548 518 547
520 493 519
549 519 548
870 520 495
550 520 549
496 495 521
551 521 550
523 551 552
524 552 553
498 497 524
554 524 553
499 498 525
555 525 554
500 499 526
556 526 555
501 500 527
557 527 556
505 479 504
505 504 531
506 480 505
506 505 532
507 481 506
507 506 533
508 481 507
508 507 534
453 509 482
534 509 508
535 875 509
883 483 875
484 536 511
512 484 511
512 511 538
513 485 512
513 512 539
514 486 513
514 513 540
488 541 542
541 488 514
907 544 515
516 489 515
516 515 544
489 516 490
546 516 545
517 491 516
517 516 546
518 492 517
518 517 547
492 519 493
519 518 548
493 520 494
520 519 549
521 495 520
521 520 550
551 496 521
496 551 522
497 522 523
551 523 522
524 497 523
552 524 523
525 498 524
525 524 554
526 499 525
526 525 555
527 500 526
527 526 556
528 501 527
528 527 557
532 531 561
589 561 588
533 532 562
590 562 589
534 533 563
591 563 590
535 534 564
563 592 564
537 536 565
886 565 884
538 537 566
594 566 593
539 538 567
540 539 595
541 540 568
623 568 596
570 541 569
624 569 623
543 542 570
598 570 597
544 543 571
599 571 598
516 571 545
600 572 599
546 545 573
601 573 600
547 546 574
602 574 601
548 547 575
630 575 602
549 548 576
575 603 576
550 549 577
604 577 603
551 550 578
577 604 578
552 551 579
578 605 579
553 552 580
606 580 605
554 553 581
607 581 606
555 554 582
608 582 607
556 555 583
609 583 608
557 556 584
610 584 609
561 531 560
561 560 588
562 532 561
562 561 589
563 533 562
563 562 590
564 534 563
592 563 591
886 564 592
565 536 884
566 537 565
566 565 593
567 538 566
595 566 594
595 539 567
568 540 595
622 568 595
569 541 568
569 568 623
541 570 542
570 569 597
598 543 570
543 598 571
545 571 572
572 571 599
573 545 572
573 572 600
574 546 573
574 573 601
575 547 574
575 574 602
576 548 575
603 575 630
577 549 576
577 576 603
578 550 577
579 551 578
605 578 604
580 552 579
580 579 605
581 553 580
581 580 606
582 554 581
582 581 607
583 555 582
583 582 608
584 556 583
584 583 609
585 557 584
585 584 610
589 588 614
643 614 642
590 589 615
644 615 643
591 590 616
645 616 644
616 618 591
646 617 645
878 592 618
619 646 647
565 886 878
620 647 648
594 593 620
649 620 648
650 621 649
651 622 650
652 623 651
569 624 597
653 624 652
598 597 625
654 625 653
599 598 626
655 626 654
600 599 627
656 627 655
601 600 628
657 628 656
628 602 601
658 629 657
631 659 660
661 603 631
687 631 660
633 604 632
662 632 661
605 604 633
663 633 662
606 605 634
664 634 663
607 606 635
665 635 664
608 607 636
666 636 665
609 608 637
667 637 666
610 609 638
668 638 667
614 588 613
614 613 642
615 589 614
615 614 643
616 590 615
616 615 644
618 616 617
617 616 645
591 618 592
619 617 646
878 618 619
617 619 618
647 593 619
593 647 620
621 594 620
621 620 649
622 621 650
651 596 622
596 651 623
623 652 624
625 597 624
625 624 653
626 598 625
626 625 654
627 599 626
627 626 655
628 600 627
628 627 656
602 628 629
629 628 657
630 602 629
630 629 658
659 630 658
659 603 630
603 659 631
603 632 604
603 661 632
633 632 662
634 605 633
634 633 663
635 606 634
635 634 664
636 607 635
636 635 665
637 608 636
637 636 666
638 609 637
638 637 667
639 610 638
639 638 668
643 642 672
699 672 698
644 643 673
700 673 699
645 644 674
701 674 700
646 645 675
702 675 701
647 646 676
730 677 702
648 647 677
649 648 678
704 678 703
650 649 679
680 704 705
651 650 680
681 705 706
680 652 651
707 681 706
653 652 682
708 682 707
654 653 683
709 683 708
655 654 684
710 684 709
656 655 711
738 711 710
657 656 712
739 712 711
686 657 685
740 685 712
659 658 686
686 660 659
879 687 713
631 687 661
714 662 661
716 688 715
663 662 689
717 689 716
664 663 690
718 690 717
665 664 691
719 691 718
666 665 692
720 692 719
667 666 693
721 693 720
668 667 694
722 694 721
672 642 671
672 671 698
673 643 672
673 672 699
674 644 673
674 673 700
675 645 674
675 674 701
676 646 675
676 675 702
677 647 676
702 677 676
678 648 677
678 677 703
679 649 678
679 678 704
680 650 679
704 680 679
652 680 681
705 681 680
682 652 681
682 681 707
683 653 682
683 682 708
684 654 683
684 683 709
710 655 684
655 710 711
656 711 712
685 657 712
657 686 658
686 685 660
660 713 687
661 687 714
662 714 688
688 714 715
689 662 688
689 688 716
690 663 689
690 689 717
691 664 690
691 690 718
692 665 691
692 691 719
693 666 692
693 692 720
694 667 693
694 693 721
695 668 694
695 694 722
699 698 726
755 726 754
700 699 727
756 727 755
701 700 728
757 728 756
702 701 729
758 729 757
759 730 758
760 677 759
704 703 731
761 731 760
705 704 732
762 732 761
706 705 733
763 733 762
707 706 734
764 734 763
708 707 735
765 735 764
709 708 736
766 736 765
710 709 737
767 737 766
768 738 767
769 739 768
741 685 740
770 740 769
742 660 741
771 741 770
879 713 742
772 742 771
879 715 714
773 743 772
716 715 744
774 744 773
717 716 745
775 745 774
718 717 746
776 746 775
719 718 747
777 747 776
720 719 748
778 748 777
721 720 749
779 749 778
722 721 750
780 750 779
726 698 725
726 725 754
727 699 726
727 726 755
728 700 727
728 727 756
729 701 728
729 728 757
730 702 729
730 729 758
677 730 759
731 703 677
731 677 760
732 704 731
732 731 761
733 705 732
733 732 762
734 706 733
734 733 763
735 707 734
735 734 764
736 708 735
736 735 765
737 709 736
737 736 766
738 710 737
738 737 767
739 711 738
739 738 768
740 712 739
740 739 769
685 741 660
741 740 770
660 742 713
742 741 771
715 879 743
743 742 772
744 715 743
744 743 773
745 716 744
745 744 774
746 717 745
746 745 775
747 718 746
747 746 776
748 719 747
748 747 777
749 720 748
749 748 778
750 721 749
750 749 779
751 722 750
751 750 780
755 754 784
814 784 813
756 755 785
815 785 814
757 756 786
816 786 815
758 757 787
817 787 816
759 758 788
818 788 817
760 759 789
819 789 818
761 760 790
820 790 819
762 761 791
821 791 820
763 762 792
822 792 821
764 763 793
823 793 822
765 764 794
824 794 823
766 765 795
825 795 824
767 766 796
826 796 825
768 767 797
827 797 826
769 768 798
828 798 827
770 769 799
829 799 828
771 770 800
830 800 829
772 771 801
831 801 830
773 772 802
832 802 831
774 773 803
833 803 832
775 774 804
834 804 833
776 775 805
835 805 834
777 776 806
836 806 835
778 777 807
837 807 836
779 778 808
838 808 837
780 779 809
839 809 838
784 754 783
784 783 813
785 755 784
785 784 814
786 756 785
786 785 815
787 757 786
787 786 816
788 758 787
788 787 817
789 759 788
789 788 818
790 760 789
790 789 819
791 761 790
791 790 820
792 762 791
792 791 821
793 763 792
793 792 822
794 764 793
794 793 823
795 765 794
795 794 824
796 766 795
796 795 825
797 767 796
797 796 826
798 768 797
798 797 827
799 769 798
799 798 828
800 770 799
800 799 829
801 771 800
801 800 830
802 772 801
802 801 831
803 773 802
803 802 832
804 774 803
804 803 833
805 775 804
805 804 834
806 776 805
806 805 835
807 777 806
807 806 836
808 778 807
808 807 837
809 779 808
809 808 838
810 780 809
810 809 839
888 482 875
520 870 467
439 440 412
185 885 184
873 871 212
194 872 223
880 221 250
155 873 212
885 211 213
894 306 874
876 874 251
509 875 482
483 883 884
253 876 251
894 223 279
886 592 878
593 878 619
743 879 742
687 879 714
164 880 872
192 880 222
306 881 305
220 279 249
347 882 348
877 882 374
535 883 875
510 884 883
483 884 536
510 886 884
184 885 213
873 885 871
565 878 593
535 510 883
564 886 510
188 887 218
877 401 375
433 380 406
354 892 891
566 595 567
621 595 594
622 595 621
568 622 596
484 888 483
482 901 454
898 245 246
893 434 435
247 904 274
245 889 216
906 887 898
273 906 246
433 892 380
890 376 350
323 890 350
270 890 323
354 891 355
269 895 242
407 434 893
380 892 353
408 893 435
891 893 408
893 891 407
892 433 407
461 407 433
892 407 891
881 894 279
223 874 876
456 899 901
349 321 348
899 456 455
460 896 461
462 896 488
903 376 890
454 900 428
376 903 897
376 897 349
403 899 455
887 906 904
245 898 889
899 403 402
296 902 268
428 900 877
456 901 888
270 910 903
910 270 895
901 900 454
268 902 269
270 903 890
321 902 296
898 887 889
327 908 905
908 274 217
246 906 898
542 907 488
544 907 543
909 877 900
910 269 902
217 904 906
429 901 899
902 321 322
217 273 905
274 908 301
908 217 905
877 909 401
402 909 429
909 900 429
269 910 895
903 910 322
910 902 322
897 903 322
274 904 217
900 901 429
273 217 906
402 429 899
321 897 322
0.016305
0.016305
0.016305
0.016305
0.016305
0.016305
0.016305
0.016305
0.016305
0.016305
0.016305
0.016305
0.016305
0.016305
0.016305
0.016305
0.016305
0.016305
0.016305
0.016305
0.016305
0.016305
0.016305
0.016305
0.016305
0.016305
0.016305
0.016305
0.016305
0.016305
0.016305
0.016305
0.016305
0.016305
0.016305
0.016305
0.016305
0.016305
0.016305
0.016305
0.016305
0.016305
0.016305
0.016305
0.016305
0.016305
0.016305
0.016305
0.016305
0.016305
0.016305
0.016305
0.016305
0.016305
0.016305
0.016305
0.016305
0.016305
0.016305
0.016305
0.016305
0.016305
0.016305
0.016305
0.016305
0.016305
0.016305
0.016305
0.016305
0.016305
0.016305
0.016305
0.016305
0.016305
0.016305
0.016305
0.016305
0.016305
0.016305
0.016305
0.016305
0.016305
0.016305
0.016305
0.016305
0.016305
0.016305
0.016305
0.016305
0.016305
0.016305
0.016305
0.016305
0.016305
0.016305
0.016305
0.016305
0.016305
0.016305
0.016305
0.016305
0.016305
0.016305
0.016305
0.016305
0.016305
0.016305
0.016305
0.016305
0.016305
0.016305
0.016305
0.016305
0.016305
0.016305
0.016305
0.016305
0.016305
0.016305
0.016305
0.016305
0.016305
0.016305
0.016305
0.016305
0.016305
0.016305
0.016305
0.016305
0.016305
0.016305
0.016305
0.016305
0.016305
0.016305
0.016305
0.016305
0.016305
0.016305
0.016305
0.016305
0.016305
0.016305
0.016305
0.016305
0.016305
0.016305
0.016305
0.016305
0.016305
0.016305
0.016305
0.016305
0.016305
0.016305
0.016305
0.016305
0.016305
0.016305
0.016305
0.016305
0.016305
0.016305
0.016305
0.016305
0.016305
0.016305
0.016305
0.016305
0.016305
0.016305
0.016305
0.016305
0.016305
0.016305
0.016305
0.016305
0.016305
0.016305
0.016305
0.016305
0.016305
0.016305
0.016305
0.016305
0.016305
0.016305
0.016305
0.016305
0.016305
0.016305
0.016305
0.016305
0.016305
0.016305
0.016305
0.016305
0.016305
0.016305
0.016305
0.016305
0.016305
0.016305
0.016305
0.016305
0.016305
0.016305
0.016305
0.016305
0.016305
0.016305
0.016305
0.016305
0.016305
0.016305
0.016305
0.016305
0.016305
0.016305
0.016305
0.016305
0.016305
0.016305
0.016305
0.016305
0.016305
0.016305
0.016305
0.016305
0.016305
0.016305
0.016305
0.016305
0.016305
0.016305
0.016305
0.016305
0.016305
0.016305
0.016305
0.016305
0.016305
0.016305
0.016305
0.016305
0.016305
0.016305
0.016305
0.016305
0.016305
0.016305
0.016305
0.016305
0.016305
0.016305
0.016305
0.016305
0.016305
0.016305
0.016305
0.016305
0.016305
0.016305
0.016305
0.016305
0.016305
0.016305
0.016305
0.016305
0.016305
0.016305
0.016305
0.016305
0.016305
0.016305
0.016305
0.016305
0.016305
0.016305
0.016305
0.016305
0.016305
0.016305
0.016305
0.016305
0.016305
0.016305
0.016305
0.016305
0.016305
0.016305
0.016305
0.016305
0.016305
0.016305
0.016305
0.016305
0.016305
0.016305
0.016305
0.016305
0.016305
0.016305
0.016305
0.016305
0.016305
0.016305
0.016305
0.016305
0.016305
0.016305
0.016305
0.016305
0.016305
0.016305
0.016305
0.016305
0.016305
0.016305
0.016305
0.016305
0.016305
0.016305
0.016305
0.016305
0.016305
0.016305
0.016305
0.016305
0.016305
0.016305
0.016305
0.016305
0.016305
0.016305
0.016305
0.016305
0.016305
0.016305
0.016305
0.016305
0.016305
0.016305
0.016305
0.016305
0.016305
0.016305
0.016305
0.016305
0.708948
0.016305
0.708948
0.708948
0.016305
0.708948
0.708948
0.016305
0.708948
0.016305
0.708948
0.016305
0.016305
0.016305
0.016305
0.016305
0.016305
0.016305
0.016305
0.016305
0.016305
0.016305
0.016305
0.016305
0.016305
0.016305
0.016305
0.016305
0.016305
0.016305
0.016305
0.016305
0.016305
0.016305
0.016305
0.016305
0.016305
0.016305
0.016305
0.016305
0.016305
0.016305
0.016305
0.016305
0.016305
0.016305
0.016305
0.016305
0.016305
0.016305
0.016305
0.016305
0.708948
0.708948
0.708948
0.708948
0.708948
0.708948
0.708948
0.016305
0.708948
0.016305
0.016305
0.016305
0.016305
0.016305
0.016305
0.016305
0.016305
0.016305
0.016305
0.016305
0.016305
0.016305
0.016305
0.016305
0.016305
0.016305
0.016305
0.016305
0.016305
0.016305
0.016305
0.016305
0.016305
0.016305
0.016305
0.016305
0.016305
0.016305
0.016305
0.016305
0.016305
0.016305
0.016305
0.016305
0.016305
0.016305
0.708948
0.708948
0.016305
0.708948
0.016305
0.016305
0.016305
0.016305
0.016305
0.016305
0.016305
0.016305
0.016305
0.016305
0.016305
0.016305
0.708948
0.708948
0.016305
0.016305
0.016305
0.016305
0.016305
0.016305
0.016305
0.016305
0.016305
0.016305
0.016305
0.016305
0.016305
0.016305
0.016305
0.016305
0.016305
0.016305
0.016305
0.016305
0.016305
0.016305
0.016305
0.016305
0.016305
0.016305
0.016305
0.016305
0.016305
0.016305
0.016305
0.016305
0.016305
0.708948
0.016305
0.016305
0.016305
0.016305
0.016305
0.016305
0.016305
0.016305
0.016305
0.016305
0.016305
0.016305
0.016305
0.016305
0.016305
0.016305
0.016305
0.016305
0.016305
0.016305
0.016305
0.016305
0.016305
0.016305
0.016305
0.016305
0.016305
0.016305
0.016305
0.016305
0.016305
0.016305
0.016305
0.016305
0.016305
0.016305
0.016305
0.016305
0.016305
0.016305
0.016305
0.016305
0.016305
0.016305
0.016305
0.016305
0.016305
0.016305
0.708948
0.708948
0.708948
0.016305
0.708948
0.016305
0.708948
0.708948
0.708948
0.708948
0.708948
0.708948
0.708948
0.016305
0.708948
0.708948
0.016305
0.708948
0.708948
0.016305
0.708948
0.016305
0.708948
0.016305
0.016305
0.016305
0.016305
0.016305
0.016305
0.016305
0.016305
0.016305
0.016305
0.016305
0.016305
0.016305
0.016305
0.016305
0.016305
0.016305
0.016305
0.016305
0.016305
0.016305
0.016305
0.016305
0.016305
0.708948
0.708948
0.016305
0.016305
0.016305
0.708948
0.708948
0.708948
0.708948
0.708948
0.708948
0.708948
0.708948
0.708948
0.708948
0.708948
0.708948
0.708948
0.708948
0.708948
0.708948
0.016305
0.708948
0.016305
0.016305
0.016305
0.016305
0.016305
0.016305
0.016305
0.016305
0.016305
0.016305
0.016305
0.016305
0.016305
0.016305
0.016305
0.016305
0.016305
0.016305
0.016305
0.016305
0.016305
0.016305
0.016305
0.016305
0.016305
0.016305
0.708948
0.708948
0.708948
0.708948
0.708948
0.708948
0.708948
0.708948
0.708948
0.708948
0.708948
0.016305
0.708948
0.708948
0.708948
0.708948
0.708948
0.708948
0.708948
0.016305
0.016305
0.016305
0.708948
0.708948
0.708948
0.708948
0.016305
0.016305
0.016305
0.016305
0.016305
0.016305
0.016305
0.016305
0.016305
0.016305
0.016305
0.016305
0.016305
0.016305
0.016305
0.016305
0.016305
0.016305
0.016305
0.016305
0.016305
0.016305
0.708948
0.708948
0.708948
0.708948
0.708948
0.708948
0.708948
0.708948
0.016305
0.708948
0.708948
0.708948
0.708948
0.708948
0.708948
0.708948
0.016305
0.016305
0.016305
0.016305
0.708948
0.708948
0.016305
0.016305
0.016305
0.016305
0.016305
0.016305
0.016305
0.016305
0.016305
0.016305
0.016305
0.016305
0.016305
0.016305
0.016305
0.016305
0.016305
0.016305
0.708948
0.708948
0.016305
0.016305
0.708948
0.708948
0.708948
0.708948
0.708948
0.708948
0.708948
0.016305
0.016305
0.708948
0.708948
0.708948
0.708948
0.708948
0.708948
0.016305
0.016305
0.708948
0.016305
0.708948
0.708948
0.708948
0.708948
0.016305
0.708948
0.016305
0.708948
0.016305
0.016305
0.016305
0.016305
0.016305
0.016305
0.016305
0.016305
0.016305
0.016305
0.016305
0.016305
0.016305
0.016305
0.016305
0.016305
0.708948
0.708948
0.708948
0.708948
0.708948
0.708948
0.708948
0.708948
0.708948
0.708948
0.016305
0.016305
0.708948
0.708948
0.708948
0.708948
0.708948
0.016305
0.016305
0.016305
0.016305
0.708948
0.708948
0.708948
0.708948
0.708948
0.708948
0.016305
0.708948
0.016305
0.016305
0.016305
0.016305
0.016305
0.016305
0.016305
0.016305
0.016305
0.708948
0.708948
0.708948
0.708948
0.708948
0.708948
0.016305
0.708948
0.708948
0.708948
0.708948
0.708948
0.708948
0.708948
0.708948
0.708948
0.016305
0.708948
0.708948
0.708948
0.708948
0.708948
0.708948
0.708948
0.708948
0.708948
0.016305
0.016305
0.016305
0.016305
0.708948
0.708948
0.708948
0.708948
0.708948
0.708948
0.708948
0.016305
0.016305
0.016305
0.016305
0.016305
0.016305
0.016305
0.016305
0.016305
0.708948
0.708948
0.708948
0.708948
0.708948
0.708948
0.708948
0.708948
0.708948
0.708948
0.708948
0.708948
0.708948
0.708948
0.708948
0.708948
0.708948
0.708948
0.708948
0.708948
0.708948
0.708948
0.016305
0.016305
0.016305
0.016305
0.708948
0.708948
0.708948
0.708948
0.708948
0.708948
0.708948
0.708948
0.016305
0.016305
0.016305
0.016305
0.016305
0.016305
0.016305
0.016305
0.708948
0.016305
0.708948
0.708948
0.708948
0.016305
0.708948
0.016305
0.708948
0.708948
0.708948
0.708948
0.708948
0.016305
0.708948
0.708948
0.708948
0.708948
0.016305
0.708948
0.708948
0.708948
0.708948
0.708948
0.708948
0.708948
0.708948
0.016305
0.708948
0.708948
0.708948
0.016305
0.708948
0.016305
0.016305
0.016305
0.016305
0.016305
0.016305
0.016305
0.016305
0.016305
0.016305
0.016305
0.708948
0.708948
0.708948
0.708948
0.708948
0.708948
0.708948
0.016305
0.016305
0.708948
0.708948
0.708948
0.708948
0.708948
0.708948
0.708948
0.016305
0.708948
0.708948
0.708948
0.708948
0.708948
0.016305
0.708948
0.708948
0.708948
0.708948
0.708948
0.708948
0.016305
0.016305
0.016305
0.016305
0.708948
0.708948
0.708948
0.708948
0.016305
0.016305
0.016305
0.016305
0.016305
0.016305
0.016305
0.016305
0.016305
0.016305
0.016305
0.016305
0.016305
0.016305
0.708948
0.016305
0.016305
0.708948
0.708948
0.708948
0.708948
0.708948
0.708948
0.708948
0.708948
0.708948
0.708948
0.016305
0.016305
0.708948
0.708948
0.708948
0.708948
0.708948
0.708948
0.708948
0.708948
0.016305
0.708948
0.016305
0.016305
0.708948
0.708948
0.708948
0.016305
0.016305
0.016305
0.016305
0.016305
0.016305
0.016305
0.016305
0.016305
0.016305
0.016305
0.016305
0.016305
0.016305
0.016305
0.016305
0.016305
0.708948
0.016305
0.016305
0.708948
0.708948
0.708948
0.708948
0.708948
0.708948
0.708948
0.708948
0.016305
0.016305
0.708948
0.016305
0.016305
0.016305
0.708948
0.708948
0.708948
0.708948
0.708948
0.708948
0.708948
0.016305
0.016305
0.016305
0.016305
0.708948
0.708948
0.016305
0.708948
0.016305
0.016305
0.016305
0.016305
0.016305
0.016305
0.016305
0.016305
0.016305
0.016305
0.016305
0.016305
0.016305
0.016305
0.016305
0.016305
0.016305
0.016305
0.708948
0.708948
0.708948
0.708948
0.708948
0.708948
0.708948
0.708948
0.708948
0.708948
0.016305
0.016305
0.708948
0.016305
0.708948
0.708948
0.708948
0.708948
0.708948
0.708948
0.708948
0.708948
0.708948
0.708948
0.016305
0.016305
0.708948
0.016305
0.708948
0.708948
0.016305
0.016305
0.016305
0.016305
0.016305
0.016305
0.016305
0.016305
0.016305
0.016305
0.016305
0.016305
0.016305
0.016305
0.016305
0.016305
0.016305
0.016305
0.016305
0.016305
0.708948
0.708948
0.708948
0.708948
0.708948
0.708948
0.708948
0.708948
0.708948
0.708948
0.708948
0.016305
0.016305
0.708948
0.708948
0.708948
0.708948
0.708948
0.708948
0.708948
0.708948
0.708948
0.708948
0.016305
0.016305
0.016305
0.708948
0.708948
0.016305
0.016305
0.016305
0.016305
0.016305
0.016305
0.016305
0.016305
0.016305
0.016305
0.016305
0.016305
0.016305
0.016305
0.016305
0.016305
0.016305
0.016305
0.016305
0.016305
0.016305
0.016305
0.708948
0.708948
0.016305
0.708948
0.016305
0.016305
0.016305
0.708948
0.016305
0.016305
0.016305
0.016305
0.016305
0.016305
0.016305
0.016305
0.016305
0.016305
0.016305
0.016305
0.016305
0.016305
0.708948
0.708948
0.708948
0.016305
0.016305
0.016305
0.016305
0.016305
0.016305
0.016305
0.016305
0.016305
0.016305
0.016305
0.016305
0.016305
0.016305
0.016305
0.016305
0.016305
0.016305
0.016305
0.016305
0.016305
0.016305
0.016305
0.708948
0.708948
0.016305
0.016305
0.016305
0.016305
0.016305
0.016305
0.016305
0.016305
0.016305
0.016305
0.016305
0.016305
0.016305
0.016305
0.016305
0.016305
0.016305
0.016305
0.016305
0.016305
0.016305
0.016305
0.016305
0.708948
0.016305
0.016305
0.016305
0.016305
0.016305
0.016305
0.016305
0.016305
0.016305
0.016305
0.016305
0.016305
0.016305
0.016305
0.016305
0.016305
0.016305
0.016305
0.016305
0.016305
0.016305
0.016305
0.708948
0.708948
0.708948
0.016305
0.708948
0.016305
0.708948
0.016305
0.708948
0.016305
0.016305
0.016305
0.016305
0.016305
0.016305
0.016305
0.708948
0.016305
0.708948
0.016305
0.708948
0.016305
0.016305
0.708948
0.016305
0.708948
0.016305
0.016305
0.016305
0.016305
0.016305
0.016305
0.016305
0.016305
0.016305
0.016305
0.016305
0.016305
0.016305
0.016305
0.016305
0.016305
0.016305
0.016305
0.016305
0.016305
0.016305
0.016305
0.016305
0.016305
0.016305
0.708948
0.708948
0.708948
0.708948
0.016305
0.708948
0.016305
0.708948
0.016305
0.016305
0.016305
0.016305
0.016305
0.016305
0.016305
0.016305
0.016305
0.016305
0.016305
0.016305
0.708948
0.708948
0.016305
0.016305
0.016305
0.016305
0.016305
0.016305
0.016305
0.016305
0.016305
0.016305
0.016305
0.016305
0.016305
0.016305
0.016305
0.016305
0.016305
0.016305
0.016305
0.016305
0.016305
0.016305
0.016305
0.016305
0.016305
0.016305
0.708948
0.016305
0.708948
0.016305
0.708948
0.016305
0.708948
0.016305
0.708948
0.016305
0.708948
0.016305
0.708948
0.016305
0.016305
0.016305
0.708948
0.016305
0.708948
0.016305
0.708948
0.016305
0.016305
0.016305
0.016305
0.016305
0.016305
0.016305
0.016305
0.016305
0.016305
0.016305
0.016305
0.016305
0.016305
0.016305
0.016305
0.016305
0.016305
0.016305
0.016305
0.016305
0.016305
0.016305
0.016305
0.016305
0.016305
0.016305
0.016305
0.708948
0.016305
0.708948
0.016305
0.708948
0.016305
0.708948
0.016305
0.708948
0.016305
0.708948
0.016305
0.708948
0.016305
0.708948
0.016305
0.708948
0.016305
0.708948
0.016305
0.708948
0.016305
0.708948
0.016305
0.016305
0.016305
0.016305
0.016305
0.016305
0.016305
0.016305
0.016305
0.016305
0.016305
0.016305
0.016305
0.016305
0.016305
0.016305
0.016305
0.016305
0.016305
0.016305
0.016305
0.016305
0.016305
0.016305
0.016305
0.016305
0.016305
0.016305
0.016305
0.016305
0.016305
0.016305
0.016305
0.016305
0.016305
0.016305
0.016305
0.016305
0.016305
0.016305
0.016305
0.016305
0.016305
0.016305
0.016305
0.016305
0.016305
0.016305
0.016305
0.016305
0.016305
0.016305
0.016305
0.016305
0.016305
0.016305
0.016305
0.016305
0.016305
0.016305
0.016305
0.016305
0.016305
0.016305
0.016305
0.016305
0.016305
0.016305
0.016305
0.016305
0.016305
0.016305
0.016305
0.016305
0.016305
0.016305
0.016305
0.016305
0.016305
0.016305
0.016305
0.016305
0.016305
0.016305
0.016305
0.016305
0.016305
0.016305
0.016305
0.016305
0.016305
0.016305
0.016305
0.016305
0.016305
0.016305
0.016305
0.016305
0.016305
0.016305
0.016305
0.016305
0.016305
0.016305
0.016305
0.016305
0.016305
0.016305
0.016305
0.016305
0.016305
0.016305
0.016305
0.016305
0.016305
0.016305
0.016305
0.016305
0.016305
0.016305
0.016305
0.016305
0.016305
0.016305
0.016305
0.708948
0.016305
0.708948
0.016305
0.708948
0.016305
0.708948
0.016305
0.708948
0.016305
0.708948
0.708948
0.708948
0.016305
0.708948
0.016305
0.708948
0.016305
0.708948
0.016305
0.708948
0.016305
0.016305
0.016305
0.708948
0.016305
0.708948
0.708948
0.708948
0.016305
0.708948
0.708948
0.016305
0.016305
0.016305
0.016305
0.708948
0.708948
0.708948
0.016305
0.016305
0.708948
0.016305
0.708948
0.708948
0.708948
0.708948
0.708948
0.016305
0.708948
0.708948
0.016305
0.708948
0.708948
0.708948
0.016305
0.708948
0.708948
0.016305
0.016305
0.016305
0.708948
0.708948
0.708948
0.016305
0.708948
0.016305
0.708948
0.016305
0.016305
0.708948
0.016305
0.708948
0.016305
0.016305
0.708948
0.016305
0.708948
0.708948
0.708948
0.708948
0.016305
0.708948
0.708948
0.708948
0.708948
0.708948
0.708948
0.016305
0.016305
0.708948
0.708948
0.016305
0.708948
0.016305
0.016305
0.016305
0.016305
0.708948
0.708948
0.708948
0.016305
0.016305
0.708948
0.016305
0.016305
0.708948
0.016305
0.016305
0.708948
0.708948
0.708948
0.708948
0.708948
2611
1 0 0 -1
30 1 0 5
30 0 1 0
30 29 112 1
29 0 -1 1
812 811 2 221
841 812 2 7
841 811 3 2
841 840 -1 3
840 811 -1 3
2 1 4 -1
31 2 4 9
31 1 5 4
31 30 224 5
813 812 6 1483
842 813 6 11
842 812 7 6
842 841 -1 7
3 2 8 -1
32 3 8 13
32 2 9 8
32 31 226 9
814 813 10 1485
843 814 10 15
843 813 11 10
843 842 -1 11
4 3 12 -1
33 4 12 17
33 3 13 12
33 32 228 13
815 814 14 1487
844 815 14 19
844 814 15 14
844 843 -1 15
5 4 16 -1
34 5 16 21
34 4 17 16
34 33 230 17
816 815 18 1489
845 816 18 23
845 815 19 18
845 844 -1 19
6 5 20 -1
35 6 20 25
35 5 21 20
35 34 232 21
817 816 22 1491
846 817 22 27
846 816 23 22
846 845 -1 23
7 6 24 -1
36 7 24 29
36 6 25 24
36 35 234 25
818 817 26 1493
847 818 26 31
847 817 27 26
847 846 -1 27
8 7 28 -1
37 8 28 33
37 7 29 28
37 36 236 29
819 818 30 1495
848 819 30 35
848 818 31 30
848 847 -1 31
9 8 32 -1
38 9 32 37
38 8 33 32
38 37 238 33
820 819 34 1497
849 820 34 39
849 819 35 34
849 848 -1 35
10 9 36 -1
39 10 36 41
39 9 37 36
39 38 240 37
821 820 38 1499
850 821 38 43
850 820 39 38
850 849 -1 39
11 10 40 -1
40 11 40 45
40 10 41 40
40 39 242 41
822 821 42 1501
851 822 42 47
851 821 43 42
851 850 -1 43
12 11 44 -1
41 12 44 49
41 11 45 44
41 40 244 45
823 822 46 1503
852 823 46 51
852 822 47 46
852 851 -1 47
13 12 48 -1
42 13 48 53
42 12 49 48
42 41 246 49
824 823 50 1505
853 824 50 55
853 823 51 50
853 852 -1 51
14 13 52 -1
43 14 52 57
43 13 53 52
43 42 248 53
825 824 54 1507
854 825 54 59
854 824 55 54
854 853 -1 55
15 14 56 -1
44 15 56 61
44 14 57 56
44 43 250 57
826 825 58 1509
855 826 58 63
855 825 59 58
855 854 -1 59
16 15 60 -1
45 16 60 65
45 15 61 60
45 44 252 61
827 826 62 1511
856 827 62 67
856 826 63 62
856 855 -1 63
17 16 64 -1
46 17 64 69
46 16 65 64
46 45 254 65
828 827 66 1513
857 828 66 71
857 827 67 66
857 856 -1 67
18 17 68 -1
47 18 68 73
47 17 69 68
47 46 256 69
829 828 70 1515
858 829 70 75
858 828 71 70
858 857 -1 71
19 18 72 -1
48 19 72 77
48 18 73 72
48 47 258 73
830 829 74 1517
859 830 74 79
859 829 75 74
859 858 -1 75
20 19 76 -1
49 20 76 81
49 19 77 76
49 48 260 77
831 830 78 1519
860 831 78 83
860 830 79 78
860 859 -1 79
21 20 80 -1
50 21 80 85
50 20 81 80
50 49 262 81
832 831 82 1521
861 832 82 87
861 831 83 82
861 860 -1 83
22 21 84 -1
51 22 84 89
51 21 85 84
51 50 264 85
833 832 86 1523
862 833 86 91
862 832 87 86
862 861 -1 87
23 22 88 -1
52 23 88 93
52 22 89 88
52 51 266 89
834 833 90 1525
863 834 90 95
863 833 91 90
863 862 -1 91
24 23 92 -1
53 24 92 97
53 23 93 92
53 52 268 93
835 834 94 1527
864 835 94 99
864 834 95 94
864 863 -1 95
25 24 96 -1
54 25 96 101
54 24 97 96
54 53 270 97
836 835 98 1529
865 836 98 103
865 835 99 98
865 864 -1 99
26 25 100 -1
55 26 100 105
55 25 101 100
55 54 272 101
837 836 102 1531
866 837 102 107
866 836 103 102
866 865 -1 103
27 26 104 -1
56 27 104 109
56 26 105 104
56 55 274 105
838 837 106 1533
867 838 106 111
867 837 107 106
867 866 -1 107
28 27 108 -1
57 28 108 -1
57 27 109 108
57 56 114 109
839 838 110 223
868 839 110 -1
868 838 111 110
868 867 -1 111
59 30 112 276
59 29 113 112
59 58 116 113
58 29 -1 113
87 57 114 -1
87 56 115 114
87 86 118 115
86 56 328 115
89 59 116 277
89 58 117 116
89 88 120 117
88 58 -1 117
114 87 118 -1
114 86 119 118
114 113 122 119
113 86 329 119
116 89 120 380
116 88 121 120
116 115 124 121
115 88 -1 121
144 114 122 -1
144 113 123 122
144 143 126 123
143 113 430 123
146 116 124 381
146 115 125 124
146 145 128 125
145 115 -1 125
172 144 126 -1
172 143 127 126
172 171 130 127
171 143 431 127
174 146 128 483
174 145 129 128
174 173 132 129
173 145 -1 129
202 172 130 -1
202 171 131 130
202 201 134 131
201 171 534 131
204 174 132 484
204 173 133 132
204 203 136 133
203 173 -1 133
231 202 134 -1
231 201 135 134
231 230 138 135
230 201 535 135
233 204 136 582
233 203 137 136
233 232 140 137
232 203 -1 137
260 231 138 -1
260 230 139 138
260 259 142 139
259 230 631 139
262 233 140 583
262 232 141 140
262 261 144 141
261 232 -1 141
287 260 142 -1
287 259 143 142
287 286 146 143
286 259 632 143
289 262 144 679
289 261 145 144
289 288 148 145
288 261 -1 145
313 287 146 -1
313 286 147 146
313 312 150 147
312 286 721 147
315 289 148 680
315 288 149 148
315 314 152 149
314 288 -1 149
339 313 150 -1
339 312 151 150
339 338 154 151
338 312 722 151
341 315 152 766
341 314 153 152
341 340 156 153
340 314 -1 153
367 339 154 -1
367 338 155 154
367 366 158 155
366 338 811 155
369 341 156 767
369 340 157 156
369 368 160 157
368 340 -1 157
393 367 158 -1
393 366 159 158
393 392 162 159
392 366 812 159
395 369 160 858
395 368 161 160
395 394 164 161
394 368 -1 161
421 393 162 -1
421 392 163 162
421 420 166 163
420 392 900 163
423 395 164 859
423 394 165 164
423 422 168 165
422 394 -1 165
446 421 166 -1
446 420 167 166
446 445 170 167
445 420 901 167
448 423 168 944
448 422 169 168
448 447 172 169
447 422 -1 169
476 446 170 -1
476 445 171 170
476 475 174 171
475 445 992 171
478 448 172 945
478 447 173 172
478 477 176 173
477 447 -1 173
501 476 174 -1
501 475 175 174
501 500 178 175
500 475 993 175
503 478 176 1038
503 477 177 176
503 502 180 177
502 477 -1 177
528 501 178 -1
528 500 179 178
528 527 182 179
527 500 1086 179
530 503 180 1039
530 502 181 180
530 529 184 181
529 502 -1 181
557 528 182 -1
557 527 183 182
557 556 186 183
556 527 1087 183
559 530 184 1136
559 529 185 184
559 558 188 185
558 529 -1 185
585 557 186 -1
585 556 187 186
585 584 190 187
584 556 1184 187
587 559 188 1137
587 558 189 188
587 586 192 189
586 558 -1 189
610 585 190 -1
610 584 191 190
610 609 194 191
609 584 1185 191
612 587 192 1232
612 586 193 192
612 611 196 193
611 586 -1 193
639 610 194 -1
639 609 195 194
639 638 198 195
638 609 1280 195
641 612 196 1233
641 611 197 196
641 640 200 197
640 611 -1 197
668 639 198 -1
668 638 199 198
668 667 202 199
667 638 1281 199
670 641 200 1331
670 640 201 200
670 669 204 201
669 640 -1 201
695 668 202 -1
695 667 203 202
695 694 206 203
694 667 1379 203
697 670 204 1332
697 669 205 204
697 696 208 205
696 669 -1 205
722 695 206 -1
722 694 207 206
722 721 210 207
721 694 1380 207
724 697 208 1429
724 696 209 208
724 723 212 209
723 696 -1 209
751 722 210 -1
751 721 211 210
751 750 214 211
750 721 1480 211
753 724 212 1430
753 723 213 212
753 752 216 213
752 723 -1 213
780 751 214 -1
780 750 215 214
780 779 218 215
779 750 1481 215
782 753 216 1534
782 752 217 216
782 781 220 217
781 752 -1 217
810 780 218 -1
810 779 219 218
810 809 222 219
809 779 1586 219
812 782 220 1535
812 781 221 220
811 781 -1 221
839 810 222 -1
839 809 223 222
838 809 1587 223
60 31 224 278
60 30 276 224
90 60 225 279
90 89 330 225
89 60 277 225
61 32 226 280
61 31 278 226
91 61 227 281
91 90 332 227
90 61 279 227
62 33 228 282
62 32 280 228
92 62 229 283
92 91 334 229
91 62 281 229
63 34 230 284
63 33 282 230
93 63 231 285
93 92 336 231
92 63 283 231
64 35 232 286
64 34 284 232
94 64 233 287
94 93 338 233
93 64 285 233
65 36 234 288
65 35 286 234
95 65 235 289
95 94 340 235
94 65 287 235
66 37 236 290
66 36 288 236
96 66 237 291
96 95 342 237
95 66 289 237
67 38 238 292
67 37 290 238
97 67 239 293
97 96 344 239
96 67 291 239
68 39 240 294
68 38 292 240
98 68 241 295
98 97 346 241
97 68 293 241
69 40 242 296
69 39 294 242
99 69 243 297
99 98 348 243
98 69 295 243
70 41 244 298
70 40 296 244
100 70 245 299
100 99 350 245
99 70 297 245
71 42 246 300
71 41 298 246
128 71 247 301
100 71 299 247
72 43 248 302
72 42 300 248
101 72 353 303
129 72 249 353
128 72 301 249
73 44 250 304
73 43 302 250
130 73 251 305
101 73 303 251
74 45 252 306
74 44 304 252
102 74 253 307
130 102 253 356
130 74 305 253
75 46 254 308
75 45 306 254
103 75 255 309
103 102 358 255
102 75 307 255
76 47 256 310
76 46 308 256
104 76 257 311
104 103 360 257
103 76 309 257
77 48 258 312
77 47 310 258
105 77 259 313
105 104 362 259
104 77 311 259
78 49 260 314
78 48 312 260
106 78 261 315
106 105 364 261
105 78 313 261
79 50 262 316
79 49 314 262
107 79 263 317
107 106 366 263
106 79 315 263
80 51 264 318
80 50 316 264
108 80 265 319
108 107 368 265
107 80 317 265
81 52 266 320
81 51 318 266
109 81 267 321
109 108 370 267
108 81 319 267
82 53 268 322
82 52 320 268
110 82 269 323
110 109 372 269
109 82 321 269
83 54 270 324
83 53 322 270
111 83 271 325
111 110 374 271
110 83 323 271
84 55 272 326
84 54 324 272
112 84 273 327
112 111 376 273
111 84 325 273
85 56 274 328
85 55 326 274
113 85 275 329
113 112 378 275
112 85 327 275
60 59 277 276
61 60 279 278
62 61 281 280
63 62 283 282
64 63 285 284
65 64 287 286
66 65 289 288
67 66 291 290
68 67 293 292
69 68 295 294
70 69 297 296
71 70 299 298
72 71 301 300
73 72 303 302
74 73 305 304
75 74 307 306
76 75 309 308
77 76 311 310
78 77 313 312
79 78 315 314
80 79 317 316
81 80 319 318
82 81 321 320
83 82 323 322
84 83 325 324
85 84 327 326
86 85 329 328
117 90 330 382
117 89 380 330
147 117 331 383
147 146 432 331
146 117 381 331
118 91 332 384
118 90 382 332
148 118 333 385
148 147 434 333
147 118 383 333
119 92 334 386
119 91 384 334
149 119 335 387
149 148 436 335
148 119 385 335
120 93 336 388
120 92 386 336
150 120 337 389
150 149 438 337
149 120 387 337
121 94 338 390
121 93 388 338
151 121 339 391
151 150 440 339
150 121 389 339
122 95 340 392
122 94 390 340
152 122 341 393
152 151 442 341
151 122 391 341
123 96 342 394
123 95 392 342
153 123 343 395
153 152 444 343
152 123 393 343
124 97 344 396
124 96 394 344
154 124 345 397
154 153 446 345
153 124 395 345
125 98 346 398
125 97 396 346
211 126 399 448
211 125 347 398
154 125 397 347
126 99 348 400
126 98 399 348
155 127 401 349
156 155 450 349
155 126 448 401
127 100 350 402
127 99 400 350
157 127 351 402
157 156 452 351
156 127 349 351
128 100 403 247
157 129 352 404
158 157 454 404
157 128 403 352
129 101 353 405
159 129 354 405
159 158 456 354
158 129 404 354
130 101 406 251
160 130 355 407
160 159 458 355
159 130 406 355
131 102 356 408
161 160 357 409
191 160 460 357
160 131 407 409
132 103 358 410
132 102 408 358
221 131 359 411
191 161 357 463
161 131 409 359
133 104 360 412
133 103 410 360
162 133 516 413
221 133 361 516
221 132 411 361
134 105 362 414
134 104 412 362
163 134 363 415
163 162 465 363
162 134 413 363
135 106 364 416
135 105 414 364
164 135 365 417
164 163 467 365
163 135 415 365
136 107 366 418
136 106 416 366
165 136 367 419
165 164 469 367
164 136 417 367
137 108 368 420
137 107 418 368
166 137 369 421
166 165 471 369
165 137 419 369
138 109 370 422
138 108 420 370
167 138 371 423
167 166 473 371
166 138 421 371
139 110 372 424
139 109 422 372
168 139 373 425
168 167 475 373
167 139 423 373
140 111 374 426
140 110 424 374
169 140 375 427
169 168 477 375
168 140 425 375
141 112 376 428
141 111 426 376
170 141 377 429
170 169 479 377
169 141 427 377
142 113 378 430
142 112 428 378
171 142 379 431
171 170 481 379
170 142 429 379
117 116 381 380
118 117 383 382
119 118 385 384
120 119 387 386
121 120 389 388
122 121 391 390
123 122 393 392
124 123 395 394
125 124 397 396
211 98 398 399
127 126 401 400
157 100 402 403
129 128 352 249
159 101 405 406
131 130 407 356
132 131 411 408
133 132 361 410
134 133 413 412
135 134 415 414
136 135 417 416
137 136 419 418
138 137 421 420
139 138 423 422
140 139 425 424
141 140 427 426
142 141 429 428
143 142 431 430
175 147 432 485
175 146 483 432
205 175 433 486
205 204 536 433
204 175 484 433
176 148 434 487
176 147 485 434
206 176 435 488
206 205 538 435
205 176 486 435
177 149 436 489
177 148 487 436
207 177 437 490
207 206 540 437
206 177 488 437
178 150 438 491
178 149 489 438
208 178 439 492
208 207 542 439
207 178 490 439
179 151 440 493
179 150 491 440
209 179 441 494
209 208 544 441
208 179 492 441
180 152 442 495
180 151 493 442
210 180 443 496
210 209 546 443
209 180 494 443
181 153 444 497
181 152 495 444
872 153 497 446
210 181 496 445
211 155 448 498
211 154 1595 347
884 184 500 1591
211 182 498 447
184 182 499 501
182 155 498 450
213 183 550 502
242 183 449 550
212 183 1617 449
185 182 501 503
182 156 450 503
214 184 451 504
243 183 502 552
214 183 552 451
185 157 452 505
185 156 503 452
215 185 453 506
215 214 554 453
214 185 504 453
186 158 454 507
186 157 505 454
888 187 457 455
215 186 506 508
187 159 456 509
187 158 507 456
217 187 1622 510
188 160 458 460
188 159 509 458
217 189 512 459
218 217 556 459
217 188 510 512
191 189 513 511
191 188 511 460
219 189 461 514
219 218 561 461
218 189 459 461
220 190 560 515
248 190 462 560
219 190 514 462
221 161 463 359
221 191 1608 463
879 191 464 1608
220 191 515 464
192 163 465 518
192 162 517 465
871 193 519 1593
221 192 517 466
193 164 519 520
871 164 467 519
223 193 468 521
223 222 566 468
222 193 1593 468
194 165 469 522
194 164 520 469
224 194 470 523
224 223 568 470
223 194 521 470
195 166 471 524
195 165 522 471
225 195 472 525
225 224 570 472
224 195 523 472
196 167 473 526
196 166 524 473
226 196 474 527
226 225 572 474
225 196 525 474
197 168 475 528
197 167 526 475
227 197 476 529
227 226 574 476
226 197 527 476
198 169 477 530
198 168 528 477
228 198 478 531
228 227 576 478
227 198 529 478
199 170 479 532
199 169 530 479
229 199 480 533
229 228 578 480
228 199 531 480
200 171 481 534
200 170 532 481
230 200 482 535
230 229 580 482
229 200 533 482
175 174 484 483
176 175 486 485
177 176 488 487
178 177 490 489
179 178 492 491
180 179 494 493
181 180 496 495
872 154 446 1595
870 184 499 500
184 183 451 1591
185 184 504 501
186 185 506 505
187 186 508 507
188 187 510 509
189 188 512 511
190 189 514 513
191 190 515 513
221 162 516 517
871 163 1607 467
194 193 521 520
195 194 523 522
196 195 525 524
197 196 527 526
198 197 529 528
199 198 531 530
200 199 533 532
201 200 535 534
234 205 536 584
234 204 582 536
263 234 537 585
263 262 633 537
262 234 583 537
235 206 538 586
235 205 584 538
264 235 539 587
264 263 635 539
263 235 585 539
236 207 540 588
236 206 586 540
265 236 541 589
265 264 637 541
264 236 587 541
237 208 542 590
237 207 588 542
266 237 543 591
266 265 639 543
265 237 589 543
238 209 544 592
238 208 590 544
267 238 545 593
267 266 689 545
266 238 591 545
239 210 546 594
239 209 592 546
268 239 547 595
268 267 1673 547
267 239 593 547
884 210 1596 549
240 210 594 548
268 241 597 1643
268 240 595 597
241 212 596 598
212 210 548 1596
269 241 644 599
242 213 550 600
242 212 598 449
269 213 600 551
296 213 551 645
269 242 599 600
243 214 552 602
243 213 601 502
271 243 553 603
271 270 647 553
270 243 601 553
244 215 554 1635
244 214 602 554
271 245 604 555
272 271 649 555
271 244 603 604
888 244 1665 1635
272 245 555 1637
886 246 605 606
246 218 556 607
246 217 605 556
274 246 557 608
274 273 653 557
273 246 1634 557
277 218 558 561
247 218 607 558
275 247 559 609
275 274 655 559
274 247 608 559
248 220 560 611
248 219 1610 462
277 219 561 612
276 275 657 610
277 275 610 609
879 220 1594 464
249 220 611 1594
278 248 1610 614
277 276 706 610
880 219 612 563
249 222 564 613
278 219 563 1610
278 249 614 613
251 223 566 568
251 222 615 566
252 250 620 1601
873 305 663 1597
279 250 616 567
252 224 617 570
251 224 568 617
253 250 571 620
280 279 665 567
280 250 567 569
253 225 619 621
252 225 570 619
281 253 571 622
281 280 667 569
281 250 569 571
254 226 572 623
254 225 621 572
282 254 573 624
282 281 669 573
281 254 622 573
255 227 574 625
255 226 623 574
283 255 575 626
283 282 671 575
282 255 624 575
256 228 576 627
256 227 625 576
284 256 577 628
284 283 673 577
283 256 626 577
257 229 578 629
257 228 627 578
285 257 579 630
285 284 675 579
284 257 628 579
258 230 580 631
258 229 629 580
286 258 581 632
286 285 677 581
285 258 630 581
234 233 583 582
235 234 585 584
236 235 587 586
237 236 589 588
238 237 591 590
239 238 593 592
240 239 595 594
241 240 597 596
242 241 599 598
270 213 645 601
244 243 603 602
245 244 604 1632
903 246 606 1634
247 246 608 607
277 247 609 558
249 248 614 611
278 222 613 1602
875 252 618 1601
252 251 618 617
253 252 620 619
254 253 622 621
255 254 624 623
256 255 626 625
257 256 628 627
258 257 630 629
259 258 632 631
290 263 633 681
290 262 679 633
316 290 634 682
316 315 723 634
315 290 680 634
291 264 635 683
291 263 681 635
317 291 636 684
317 316 725 636
316 291 682 636
292 265 637 685
292 264 683 637
318 292 638 686
318 317 727 638
317 292 684 638
293 266 639 687
293 265 685 639
319 293 640 688
319 318 728 640
318 293 686 640
295 266 641 689
294 266 687 641
320 294 642 690
320 319 730 642
319 294 688 642
295 267 689 1667
320 295 690 1675
296 270 645 692
296 269 691 551
323 296 646 693
323 322 735 646
322 296 691 646
297 271 647 694
297 270 692 647
324 297 648 695
324 323 737 648
323 297 693 648
298 272 649 696
298 271 694 649
325 298 650 697
325 324 739 650
324 298 695 650
299 272 696 651
326 299 785 698
353 299 652 785
325 299 697 652
300 274 653 700
300 273 1688 653
327 300 742 701
354 300 654 742
326 300 699 654
301 275 655 702
301 274 700 655
328 301 656 703
328 327 744 656
327 301 701 656
302 276 657 704
302 275 702 657
329 302 658 705
329 328 746 658
328 302 703 658
304 276 659 706
303 276 704 659
330 303 660 662
330 329 748 660
329 303 705 660
304 277 706 661
330 304 662 708
305 279 663 709
893 880 707 1652
331 305 664 710
330 305 708 664
306 280 665 711
306 279 709 665
332 306 752 711
359 306 666 752
331 306 710 666
307 281 667 669
307 280 712 667
333 307 668 714
333 332 754 668
332 307 712 668
307 282 669 713
333 308 714 670
334 333 756 670
308 283 671 715
308 282 713 671
335 308 672 716
335 334 758 672
334 308 670 672
309 284 673 717
309 283 715 673
336 309 674 718
336 335 760 674
335 309 716 674
310 285 675 719
310 284 717 675
337 310 676 720
337 336 762 676
336 310 718 676
311 286 677 721
311 285 719 677
338 311 678 722
338 337 764 678
337 311 720 678
290 289 680 679
291 290 682 681
292 291 684 683
293 292 686 685
294 293 688 687
295 294 690 641
322 269 1641 691
297 296 693 692
298 297 695 694
299 298 697 696
904 272 651 1687
301 300 701 700
302 301 703 702
303 302 705 704
304 303 662 659
305 304 708 1609
306 305 710 709
332 280 711 712
308 307 714 713
309 308 716 715
310 309 718 717
311 310 720 719
312 311 722 721
342 316 723 768
342 315 766 723
370 342 724 769
370 369 813 724
369 342 767 724
343 317 725 770
343 316 768 725
371 343 726 771
371 370 815 726
370 343 769 726
344 318 727 772
344 317 770 727
371 344 771 773
345 319 728 774
345 318 772 728
372 345 729 775
372 371 820 773
372 344 773 729
346 320 730 776
346 319 774 730
881 372 731 777
373 372 820 731
372 346 775 777
348 320 1655 643
347 320 776 1655
374 347 732 778
876 347 821 732
375 348 733 1662
375 374 822 733
374 348 778 733
375 349 1639 734
376 375 824 734
349 323 735 779
349 322 1640 735
377 349 736 780
377 376 826 736
376 349 734 736
350 324 737 781
350 323 779 737
378 350 738 782
378 377 828 738
377 350 780 738
351 325 739 783
351 324 781 739
379 351 740 784
379 378 830 740
378 351 782 740
353 325 741 652
352 325 783 741
379 352 784 1645
353 326 785 786
890 353 1625 1642
891 353 787 1625
353 352 787 741
354 327 742 788
354 326 786 654
380 354 832 789
890 380 832 743
355 328 744 790
355 327 788 744
381 355 745 791
381 380 834 745
380 355 789 745
356 329 746 792
356 328 790 746
382 356 747 793
382 381 836 747
381 356 791 747
357 330 748 794
357 329 792 748
383 357 749 794
383 382 838 749
382 357 793 749
383 358 796 750
384 383 840 750
383 330 794 796
358 331 795 797
331 330 795 664
385 358 842 797
411 358 751 842
384 358 750 751
359 332 752 799
359 331 798 666
386 359 753 800
386 385 844 753
385 359 798 753
360 333 754 801
360 332 799 754
387 360 755 802
387 386 846 755
386 360 800 755
361 334 756 803
361 333 801 756
388 361 757 803
388 387 848 757
387 361 802 757
362 335 758 760
362 334 804 758
389 362 759 806
389 388 850 759
388 362 804 759
363 336 805 807
362 336 760 805
390 363 761 808
390 389 852 761
389 363 806 761
364 337 762 809
364 336 807 762
391 364 763 810
391 390 854 763
390 364 808 763
365 338 764 811
365 337 809 764
392 365 765 812
392 391 856 765
391 365 810 765
342 341 767 766
343 342 769 768
344 343 771 770
345 344 729 772
346 345 775 774
347 346 1611 776
348 347 778 1655
350 349 780 779
351 350 782 781
352 351 784 783
354 353 1642 786
355 354 789 788
356 355 791 790
357 356 793 792
358 330 796 795
385 331 797 798
360 359 800 799
361 360 802 801
388 334 803 804
363 362 806 805
364 363 808 807
365 364 810 809
366 365 812 811
396 370 813 860
396 369 858 813
424 396 814 861
424 423 902 814
423 396 859 814
397 371 815 862
397 370 860 815
425 397 816 863
425 424 904 816
424 397 861 816
398 371 862 818
426 398 817 865
426 425 906 817
425 398 863 817
373 371 818 820
398 373 818 864
427 399 819 867
427 426 907 819
426 399 865 819
876 373 866 1612
399 373 864 866
876 427 1668 867
400 374 1623 822
876 400 1623 1690
401 375 868 869
400 375 822 823
402 376 824 870
402 375 869 824
429 402 825 871
454 429 825 910
454 402 1663 825
403 377 826 872
403 376 870 826
430 403 827 873
430 429 912 827
429 403 871 827
404 378 828 874
404 377 872 828
431 404 829 875
431 430 914 829
430 404 873 829
405 379 830 1624
405 378 874 830
432 405 831 1624
432 431 916 831
431 405 875 831
460 406 1650 918
434 433 967 1633
407 380 743 876
435 407 833 877
435 434 969 833
408 381 834 878
408 380 876 834
436 408 835 879
436 435 923 835
435 408 877 835
409 382 836 880
409 381 878 836
437 409 837 881
437 436 925 837
436 409 879 837
410 383 838 840
410 382 880 838
438 410 839 882
438 437 927 839
437 410 881 839
411 384 883 751
410 384 840 882
439 411 1590 885
439 438 841 1590
438 411 883 1590
412 385 884 844
411 385 842 884
439 413 887 845
439 412 885 887
413 386 886 888
412 386 844 886
469 413 843 889
467 413 845 843
414 387 846 890
414 386 888 846
440 414 847 891
469 440 847 982
469 414 889 847
415 388 848 892
415 387 890 848
441 415 849 893
441 440 934 849
440 415 891 849
416 389 850 894
416 388 892 850
442 416 851 895
442 441 936 851
441 416 893 851
417 390 852 896
417 389 894 852
443 417 853 897
443 442 938 853
442 417 895 853
418 391 854 898
418 390 896 854
444 418 855 899
444 443 940 855
443 418 897 855
419 392 856 900
419 391 898 856
445 419 857 901
445 444 942 857
444 419 899 857
396 395 859 858
397 396 861 860
398 397 863 862
399 398 865 864
876 399 867 866
402 401 1666 869
403 402 871 870
404 403 873 872
405 404 875 874
408 407 877 876
409 408 879 878
410 409 881 880
438 384 882 883
412 411 885 884
413 412 887 886
414 413 889 888
415 414 891 890
416 415 893 892
417 416 895 894
418 417 897 896
419 418 899 898
420 419 901 900
449 424 902 946
449 423 944 902
479 449 903 947
479 478 994 903
478 449 945 903
450 425 904 948
450 424 946 904
480 450 905 949
480 479 996 905
479 450 947 905
451 426 906 950
451 425 948 906
480 451 949 951
452 427 907 952
452 426 950 907
481 452 1046 953
507 451 951 908
508 452 999 1046
453 427 952 1660
481 453 953 1631
874 482 1002 1049
900 481 954 1631
456 454 956 910
483 455 909 955
483 482 1004 1630
887 483 909 1630
456 429 910 957
484 456 911 958
484 483 1006 955
484 455 955 911
457 430 912 959
457 429 957 912
485 457 913 960
485 484 1008 913
484 457 958 913
458 431 914 961
458 430 959 914
486 458 915 962
486 485 1010 915
485 458 960 915
459 432 916 963
459 431 961 916
487 459 917 964
486 459 962 917
460 433 918 919
460 432 963 1650
462 433 919 967
462 460 965 919
488 461 920 968
488 487 1014 920
487 461 1658 920
463 434 921 969
462 434 967 921
488 463 970 922
489 488 1062 922
488 462 968 970
463 436 923 971
463 435 969 923
490 463 924 972
490 489 1017 924
489 463 922 924
464 437 925 973
464 436 971 925
491 464 926 974
491 490 1018 926
490 464 972 926
465 438 927 975
465 437 973 927
492 464 974 928
492 491 1068 974
493 464 928 976
466 438 975 929
493 466 930 978
493 492 1070 928
493 465 976 930
469 467 979 843
467 439 977 845
869 468 980 931
519 466 978 1589
869 519 1024 1589
495 468 932 981
495 494 1026 932
494 468 931 932
470 468 933 983
521 468 981 933
470 441 934 984
470 440 982 934
496 470 935 985
521 496 935 1076
521 470 933 935
471 442 936 986
471 441 984 936
497 471 937 987
497 496 1030 985
497 470 985 937
472 443 938 988
472 442 986 938
498 472 939 989
498 497 1032 939
497 472 987 939
473 444 940 990
473 443 988 940
499 473 941 991
499 498 1034 941
498 473 989 941
474 445 942 992
474 444 990 942
500 474 943 993
500 499 1036 943
499 474 991 943
449 448 945 944
450 449 947 946
451 450 949 948
452 451 908 950
453 452 953 952
455 454 1656 956
456 455 911 956
457 456 958 957
458 457 960 959
459 458 962 961
460 459 1657 963
461 460 966 965
462 461 968 965
463 462 970 921
464 463 972 971
465 464 976 973
466 465 930 975
869 494 931 1024
468 467 980 979
469 468 983 979
470 469 983 982
471 470 937 984
472 471 987 986
473 472 989 988
474 473 991 990
475 474 993 992
504 479 994 1040
504 478 1038 994
531 504 995 1041
531 530 1088 995
530 504 1039 995
505 480 996 1042
505 479 1040 996
532 505 997 1043
532 531 1090 997
531 505 1041 997
506 480 1042 1044
533 506 998 1045
533 532 1092 998
532 506 1043 998
507 480 1044 951
533 508 1047 1000
534 533 1094 1000
533 507 1045 1047
508 481 1046 1599
507 452 908 999
534 508 1000 1048
883 482 1600 1615
535 510 1050 1003
536 535 1096 1003
510 483 1050 1051
535 483 1004 1050
537 510 1005 1052
537 536 1098 1005
536 510 1003 1005
511 484 1006 1053
511 483 1051 1006
538 511 1007 1054
538 537 1100 1007
537 511 1052 1007
512 485 1008 1055
512 484 1053 1008
539 512 1009 1056
539 538 1101 1009
538 512 1054 1009
513 486 1010 1012
513 485 1055 1010
540 513 1011 1058
540 539 1102 1011
539 513 1056 1011
487 486 1012 917
513 487 1012 1058
541 540 1155 1057
542 541 1106 1013
514 488 1014 1060
543 514 1059 1061
543 542 1108 1681
906 543 1059 1681
515 488 1060 1062
544 515 1110 1063
570 515 1016 1110
543 515 1061 1016
515 490 1017 1064
515 489 1062 1017
545 544 1112 1063
545 515 1063 1065
516 491 1018 1066
516 490 1064 1018
546 516 1019 1067
546 545 1114 1019
545 516 1065 1019
518 491 1020 1068
517 491 1066 1020
547 517 1021 1069
547 546 1116 1021
546 517 1067 1021
519 492 1022 1070
518 492 1068 1022
548 518 1023 1071
548 547 1118 1023
547 518 1069 1023
519 494 1024 1072
519 493 1070 978
549 519 1025 1073
549 548 1120 1025
548 519 1071 1025
520 495 1026 1074
520 494 1072 1026
550 520 1027 1074
550 549 1122 1027
549 520 1073 1027
521 495 1075 981
550 522 1077 1028
551 550 1124 1028
550 521 1075 1077
522 496 1076 1078
551 523 1079 1029
552 551 1126 1029
551 522 1028 1079
523 497 1030 1080
523 496 1078 1030
553 523 1031 1081
553 552 1128 1031
552 523 1029 1031
524 498 1032 1082
524 497 1080 1032
554 524 1033 1083
554 553 1130 1033
553 524 1081 1033
525 499 1034 1084
525 498 1082 1034
555 525 1035 1085
555 554 1132 1035
554 525 1083 1035
526 500 1036 1086
526 499 1084 1036
556 526 1037 1087
556 555 1134 1037
555 526 1085 1037
504 503 1039 1038
505 504 1041 1040
506 505 1043 1042
507 506 1045 1044
508 507 1047 999
874 534 1613 1048
535 482 1615 1004
511 510 1052 1051
512 511 1054 1053
513 512 1056 1055
540 487 1058 1057
541 487 1057 1680
514 487 1015 1014
515 514 1061 1060
516 515 1065 1064
517 516 1067 1066
518 517 1069 1020
519 518 1071 1022
520 519 1073 1072
550 495 1074 1075
522 521 1077 1076
523 522 1079 1078
524 523 1081 1080
525 524 1083 1082
526 525 1085 1084
527 526 1087 1086
560 531 1088 1138
560 530 1136 1088
588 560 1089 1139
588 587 1186 1089
587 560 1137 1089
561 532 1090 1140
561 531 1138 1090
589 561 1091 1141
589 588 1188 1091
588 561 1139 1091
562 533 1092 1142
562 532 1140 1092
590 562 1093 1143
590 589 1190 1093
589 562 1141 1093
563 534 1094 1001
563 533 1142 1094
591 563 1095 1144
591 590 1240 1143
591 562 1143 1095
885 563 1144 1621
563 509 1001 1621
564 536 1096 1146
564 535 1145 1096
592 564 1619 1147
885 564 1097 1196
565 537 1098 1148
565 536 1146 1098
593 565 1099 1149
593 592 1198 1099
592 565 1147 1099
566 538 1100 1150
566 537 1148 1100
594 565 1149 1626
594 539 1101 1151
594 538 1150 1101
621 567 1152 1629
567 540 1102 1153
567 539 1151 1102
622 567 1103 1154
595 567 1629 1103
569 540 1104 1155
568 540 1153 1104
596 568 1203 1156
623 568 1105 1203
622 568 1154 1105
569 542 1106 1157
569 541 1155 1106
597 569 1107 1157
597 596 1205 1107
596 569 1156 1107
570 543 1108 1016
570 542 1158 1108
598 570 1109 1160
598 597 1207 1109
597 570 1158 1109
571 544 1159 1161
570 544 1110 1159
599 571 1111 1162
599 598 1209 1111
598 571 1160 1111
572 545 1112 1163
572 544 1161 1112
600 572 1113 1164
600 599 1211 1113
599 572 1162 1113
573 546 1114 1165
573 545 1163 1114
601 573 1115 1166
601 600 1213 1115
600 573 1164 1115
574 547 1116 1167
574 546 1165 1116
629 574 1117 1168
601 574 1166 1117
575 548 1118 1169
575 547 1167 1118
602 575 1119 1170
629 602 1168 1265
602 574 1168 1119
576 549 1120 1171
576 548 1169 1120
603 576 1121 1123
603 602 1267 1121
602 576 1170 1121
577 550 1122 1172
577 549 1171 1122
603 577 1123 1173
578 551 1124 1174
578 550 1172 1124
604 578 1125 1175
604 603 1220 1173
604 577 1173 1125
579 552 1126 1176
579 551 1174 1126
605 579 1127 1177
605 604 1222 1127
604 579 1175 1127
580 553 1128 1178
580 552 1176 1128
606 580 1129 1179
606 605 1224 1129
605 580 1177 1129
581 554 1130 1180
581 553 1178 1130
607 581 1131 1181
607 606 1226 1131
606 581 1179 1131
582 555 1132 1182
582 554 1180 1132
608 582 1133 1183
608 607 1228 1133
607 582 1181 1133
583 556 1134 1184
583 555 1182 1134
609 583 1135 1185
609 608 1230 1135
608 583 1183 1135
560 559 1137 1136
561 560 1139 1138
562 561 1141 1140
563 562 1095 1142
883 564 1145 1097
565 564 1147 1146
566 565 1626 1148
594 567 1151 1152
568 567 1154 1153
569 568 1156 1104
597 542 1157 1158
571 570 1160 1159
572 571 1162 1161
573 572 1164 1163
574 573 1166 1165
575 574 1119 1167
576 575 1170 1169
577 576 1123 1171
578 577 1125 1172
579 578 1175 1174
580 579 1177 1176
581 580 1179 1178
582 581 1181 1180
583 582 1183 1182
584 583 1185 1184
613 588 1186 1234
613 587 1232 1186
642 613 1187 1235
642 641 1282 1187
641 613 1233 1187
614 589 1188 1236
614 588 1234 1188
643 614 1189 1237
643 642 1284 1189
642 614 1235 1189
615 590 1190 1192
615 589 1236 1190
644 615 1191 1239
644 643 1286 1191
643 615 1237 1191
617 590 1192 1240
617 615 1238 1192
645 616 1193 1241
645 644 1288 1193
644 616 1239 1193
877 591 1194 1603
617 591 1240 1194
645 618 1241 1195
646 645 1290 1195
618 616 1241 1243
618 592 1604 1244
646 619 1245 1197
647 646 1292 1197
646 618 1195 1244
619 593 1198 1246
619 592 1245 1198
648 619 1199 1247
648 647 1293 1199
647 619 1197 1199
620 593 1246 1627
649 620 1200 1248
649 648 1295 1200
648 620 1247 1200
650 621 1201 1249
650 649 1297 1201
649 621 1248 1201
622 595 1250 1103
651 622 1202 1251
651 650 1299 1202
650 622 1250 1202
623 596 1203 1252
623 622 1251 1105
652 623 1204 1253
652 651 1301 1204
651 623 1251 1204
624 597 1205 1254
624 596 1252 1205
653 624 1206 1255
653 652 1303 1206
652 624 1253 1206
625 598 1207 1256
625 597 1254 1207
654 625 1208 1257
654 653 1305 1208
653 625 1255 1208
626 599 1209 1258
626 598 1256 1209
655 626 1210 1259
655 654 1307 1210
654 626 1257 1210
627 600 1211 1213
627 599 1258 1211
656 627 1212 1261
656 655 1309 1212
655 627 1259 1212
628 601 1260 1262
627 601 1213 1260
657 628 1214 1263
657 656 1361 1214
656 628 1261 1214
629 601 1262 1117
658 629 1264 1265
658 657 1313 1264
657 629 1263 1264
658 630 1266 1215
659 658 1314 1215
631 602 1268 1267
630 602 1266 1216
660 630 1316 1216
686 630 1217 1316
659 630 1215 1217
632 603 1218 1220
631 603 1267 1218
661 631 1219 1269
661 660 1317 1219
660 631 1268 1219
632 604 1220 1270
662 632 1221 1271
662 661 1319 1221
661 632 1269 1221
633 605 1222 1272
633 604 1270 1222
663 633 1223 1273
663 662 1321 1223
662 633 1271 1223
634 606 1224 1274
634 605 1272 1224
664 634 1225 1275
664 663 1323 1225
663 634 1273 1225
635 607 1226 1276
635 606 1274 1226
665 635 1227 1277
665 664 1325 1227
664 635 1275 1227
636 608 1228 1278
636 607 1276 1228
666 636 1229 1279
666 665 1327 1229
665 636 1277 1229
637 609 1230 1280
637 608 1278 1230
667 637 1231 1281
667 666 1329 1231
666 637 1279 1231
613 612 1233 1232
614 613 1235 1234
615 614 1237 1236
616 615 1239 1238
617 616 1243 1238
618 617 1243 1242
646 592 1244 1245
620 619 1247 1246
621 620 1248 1628
650 595 1249 1250
624 623 1253 1252
625 624 1255 1254
626 625 1257 1256
627 626 1259 1258
628 627 1261 1260
629 628 1263 1262
658 602 1265 1266
660 602 1216 1268
632 631 1269 1218
633 632 1271 1270
634 633 1273 1272
635 634 1275 1274
636 635 1277 1276
637 636 1279 1278
638 637 1281 1280
671 642 1282 1333
671 641 1331 1282
698 671 1283 1334
698 697 1381 1283
697 671 1332 1283
672 643 1284 1335
672 642 1333 1284
699 672 1285 1336
699 698 1383 1285
698 672 1334 1285
673 644 1286 1337
673 643 1335 1286
700 673 1287 1338
700 699 1385 1287
699 673 1336 1287
674 645 1288 1339
674 644 1337 1288
701 674 1289 1340
701 700 1387 1289
700 674 1338 1289
675 646 1290 1341
675 645 1339 1290
701 676 1342 1291
729 676 1291 1439
701 675 1340 1342
676 647 1292 1343
676 646 1341 1292
677 648 1293 1345
677 647 1343 1293
703 677 1294 1346
703 702 1391 1294
702 677 1344 1294
678 649 1295 1347
678 648 1345 1295
703 679 1348 1296
704 703 1393 1296
703 678 1346 1348
679 650 1297 1299
679 649 1347 1297
704 680 1350 1298
705 704 1395 1298
704 679 1296 1350
680 651 1349 1351
679 651 1299 1349
706 680 1300 1352
706 705 1397 1300
705 680 1298 1300
681 652 1301 1353
681 651 1351 1301
707 681 1302 1354
707 706 1399 1302
706 681 1352 1302
682 653 1303 1355
682 652 1353 1303
708 682 1304 1356
708 707 1401 1304
707 682 1354 1304
683 654 1305 1357
683 653 1355 1305
709 683 1306 1357
709 708 1403 1306
708 683 1356 1306
710 655 1307 1359
710 654 1358 1307
737 710 1308 1456
710 709 1308 1358
711 656 1309 1360
711 655 1359 1309
738 711 1310 1458
711 710 1310 1359
685 656 1311 1361
684 656 1360 1311
684 659 1362 1460
739 684 1312 1407
685 658 1313 1314
685 657 1361 1313
686 659 1363 1217
685 659 1314 1362
713 686 1606 1364
878 686 1315 1606
712 686 1363 1315
713 660 1364 1317
686 660 1316 1364
714 713 1413 1366
687 661 1365 1367
713 661 1317 1365
715 687 1318 1368
715 714 1415 1318
714 687 1366 1318
688 662 1319 1369
688 661 1367 1319
716 688 1320 1370
716 715 1417 1320
715 688 1368 1320
689 663 1321 1371
689 662 1369 1321
717 689 1322 1372
717 716 1419 1322
716 689 1370 1322
690 664 1323 1373
690 663 1371 1323
718 690 1324 1374
718 717 1421 1324
717 690 1372 1324
691 665 1325 1375
691 664 1373 1325
719 691 1326 1376
719 718 1423 1326
718 691 1374 1326
692 666 1327 1377
692 665 1375 1327
720 692 1328 1378
720 719 1425 1328
719 692 1376 1328
693 667 1329 1379
693 666 1377 1329
721 693 1330 1380
721 720 1427 1330
720 693 1378 1330
671 670 1332 1331
672 671 1334 1333
673 672 1336 1335
674 673 1338 1337
675 674 1340 1339
676 675 1342 1341
677 676 1344 1343
678 677 1346 1345
679 678 1348 1347
680 679 1350 1349
681 680 1352 1351
682 681 1354 1353
683 682 1356 1355
709 654 1357 1358
711 684 1360 1312
685 684 1362 1311
712 659 1462 1363
713 687 1365 1366
688 687 1368 1367
689 688 1370 1369
690 689 1372 1371
691 690 1374 1373
692 691 1376 1375
693 692 1378 1377
694 693 1380 1379
725 698 1381 1431
725 697 1429 1381
754 725 1382 1432
754 753 1482 1382
753 725 1430 1382
726 699 1383 1433
726 698 1431 1383
755 726 1384 1434
755 754 1484 1384
754 726 1432 1384
727 700 1385 1435
727 699 1433 1385
756 727 1386 1436
756 755 1486 1386
755 727 1434 1386
728 701 1387 1437
728 700 1435 1387
757 728 1388 1438
757 756 1488 1388
756 728 1436 1388
729 701 1437 1291
758 729 1389 1439
758 757 1490 1389
757 729 1438 1389
702 676 1440 1344
759 676 1390 1441
759 758 1492 1390
758 676 1439 1390
730 703 1391 1442
730 702 1440 1391
760 730 1392 1443
760 759 1494 1392
759 730 1441 1392
731 704 1393 1444
731 703 1442 1393
761 731 1394 1445
761 760 1496 1394
760 731 1443 1394
732 705 1395 1446
732 704 1444 1395
762 732 1396 1447
762 761 1498 1396
761 732 1445 1396
733 706 1397 1448
733 705 1446 1397
763 733 1398 1449
763 762 1500 1398
762 733 1447 1398
734 707 1399 1450
734 706 1448 1399
764 734 1400 1451
764 763 1502 1400
763 734 1449 1400
735 708 1401 1452
735 707 1450 1401
765 735 1402 1453
765 764 1504 1402
764 735 1451 1402
736 709 1403 1454
736 708 1452 1403
766 736 1404 1455
766 765 1506 1404
765 736 1453 1404
737 709 1454 1308
767 737 1405 1457
767 766 1508 1405
766 737 1455 1405
738 710 1456 1310
768 738 1406 1459
768 767 1510 1406
767 738 1457 1406
740 684 1407 1460
739 711 1458 1312
769 739 1408 1461
769 768 1512 1408
768 739 1459 1408
741 659 1409 1462
740 659 1460 1409
770 740 1410 1463
770 769 1514 1410
769 740 1461 1410
741 712 1462 1411
771 741 1412 1465
771 770 1516 1412
770 741 1463 1412
742 714 1464 1466
878 714 1413 1464
772 742 1414 1467
772 771 1518 1414
771 742 1465 1414
743 715 1415 1468
743 714 1466 1415
773 743 1416 1469
773 772 1520 1416
772 743 1467 1416
744 716 1417 1470
744 715 1468 1417
774 744 1418 1471
774 773 1522 1418
773 744 1469 1418
745 717 1419 1472
745 716 1470 1419
775 745 1420 1473
775 774 1524 1420
774 745 1471 1420
746 718 1421 1474
746 717 1472 1421
776 746 1422 1475
776 775 1526 1422
775 746 1473 1422
747 719 1423 1476
747 718 1474 1423
777 747 1424 1477
777 776 1528 1424
776 747 1475 1424
748 720 1425 1478
748 719 1476 1425
778 748 1426 1479
778 777 1530 1426
777 748 1477 1426
749 721 1427 1480
749 720 1478 1427
779 749 1428 1481
779 778 1532 1428
778 749 1479 1428
725 724 1430 1429
726 725 1432 1431
727 726 1434 1433
728 727 1436 1435
729 728 1438 1437
730 676 1441 1440
731 730 1443 1442
732 731 1445 1444
733 732 1447 1446
734 733 1449 1448
735 734 1451 1450
736 735 1453 1452
737 736 1455 1454
738 737 1457 1456
739 738 1459 1458
740 739 1461 1407
741 740 1463 1409
742 741 1465 1605
743 742 1467 1466
744 743 1469 1468
745 744 1471 1470
746 745 1473 1472
747 746 1475 1474
748 747 1477 1476
749 748 1479 1478
750 749 1481 1480
783 754 1482 1536
783 753 1534 1482
813 783 1483 1537
812 783 1535 1483
784 755 1484 1538
784 754 1536 1484
814 784 1485 1539
813 784 1537 1485
785 756 1486 1540
785 755 1538 1486
815 785 1487 1541
814 785 1539 1487
786 757 1488 1542
786 756 1540 1488
816 786 1489 1543
815 786 1541 1489
787 758 1490 1544
787 757 1542 1490
817 787 1491 1545
816 787 1543 1491
788 759 1492 1546
788 758 1544 1492
818 788 1493 1547
817 788 1545 1493
789 760 1494 1548
789 759 1546 1494
819 789 1495 1549
818 789 1547 1495
790 761 1496 1550
790 760 1548 1496
820 790 1497 1551
819 790 1549 1497
791 762 1498 1552
791 761 1550 1498
821 791 1499 1553
820 791 1551 1499
792 763 1500 1554
792 762 1552 1500
822 792 1501 1555
821 792 1553 1501
793 764 1502 1556
793 763 1554 1502
823 793 1503 1557
822 793 1555 1503
794 765 1504 1558
794 764 1556 1504
824 794 1505 1559
823 794 1557 1505
795 766 1506 1560
795 765 1558 1506
825 795 1507 1561
824 795 1559 1507
796 767 1508 1562
796 766 1560 1508
826 796 1509 1563
825 796 1561 1509
797 768 1510 1564
797 767 1562 1510
827 797 1511 1565
826 797 1563 1511
798 769 1512 1566
798 768 1564 1512
828 798 1513 1567
827 798 1565 1513
799 770 1514 1568
799 769 1566 1514
829 799 1515 1569
828 799 1567 1515
800 771 1516 1570
800 770 1568 1516
830 800 1517 1571
829 800 1569 1517
801 772 1518 1572
801 771 1570 1518
831 801 1519 1573
830 801 1571 1519
802 773 1520 1574
802 772 1572 1520
832 802 1521 1575
831 802 1573 1521
803 774 1522 1576
803 773 1574 1522
833 803 1523 1577
832 803 1575 1523
804 775 1524 1578
804 774 1576 1524
834 804 1525 1579
833 804 1577 1525
805 776 1526 1580
805 775 1578 1526
835 805 1527 1581
834 805 1579 1527
806 777 1528 1582
806 776 1580 1528
836 806 1529 1583
835 806 1581 1529
807 778 1530 1584
807 777 1582 1530
837 807 1531 1585
836 807 1583 1531
808 779 1532 1586
808 778 1584 1532
838 808 1533 1587
837 808 1585 1533
783 782 1535 1534
784 783 1537 1536
785 784 1539 1538
786 785 1541 1540
787 786 1543 1542
788 787 1545 1544
789 788 1547 1546
790 789 1549 1548
791 790 1551 1550
792 791 1553 1552
793 792 1555 1554
794 793 1557 1556
795 794 1559 1558
796 795 1561 1560
797 796 1563 1562
798 797 1565 1564
799 798 1567 1566
800 799 1569 1568
801 800 1571 1570
802 801 1573 1572
803 802 1575 1574
804 803 1577 1576
805 804 1579 1578
806 805 1581 1580
807 806 1583 1582
808 807 1585 1584
809 808 1587 1586
869 466 1589 929
869 439 841 977
869 467 977 980
869 438 929 841
870 211 1592 447
870 182 447 499
240 212 548 596
871 222 1593 564
879 163 518 1607
871 249 564 562
872 211 1595 1592
872 210 549 445
872 181 445 497
872 870 1592 1618
873 250 1598 616
873 279 616 663
873 222 565 1653
874 481 1599 1588
874 508 1048 1599
887 481 1588 954
875 250 1601 1598
875 222 1653 615
875 251 615 618
875 873 1598 1653
876 374 732 1623
877 618 1604 1242
877 617 1242 1194
877 592 1619 1604
878 741 1605 1411
878 713 1606 1413
878 742 1464 1605
878 712 1411 1315
879 871 1607 562
879 221 1608 466
879 192 466 518
879 249 562 1594
880 304 1609 661
880 278 563 1652
880 305 707 1609
880 277 661 612
881 347 1611 821
881 373 1612 731
881 346 777 1611
881 876 821 1612
882 874 1613 1049
882 509 1614 1620
882 534 1620 1613
882 482 1049 1600
883 535 1615 1145
883 509 1616 1614
877 564 1196 1619
884 212 1617 1596
884 870 1618 500
884 183 1591 1617
884 872 549 1618
885 877 1196 1603
885 591 1603 1144
885 883 1616 1097
883 882 1614 1600
534 509 1620 1001
885 509 1621 1616
215 187 508 457
886 217 1622 605
886 187 455 1622
432 379 1624 1638
594 566 1626 1150
594 593 1627 1149
620 594 1627 1628
621 594 1628 1152
887 482 1630 1002
887 455 1669 909
887 874 1002 1588
621 595 1629 1249
898 402 1666 1663
889 375 1639 1659
894 268 1693 1643
434 407 1646 833
900 455 1654 1669
888 215 1635 457
888 886 455 1676
897 244 1632 1665
897 245 1679 1632
889 349 1640 1639
889 322 1641 1640
889 269 1674 1641
890 354 1642 832
890 407 743 1647
908 876 1682 1690
894 241 1643 644
894 269 644 1671
891 352 1645 787
891 379 1638 1645
892 434 1646 1633
892 433 1633 1644
902 375 1659 1661
433 406 918 1644
890 406 1648 1651
432 406 1649 1650
891 890 1625 1651
891 432 1649 1638
892 406 1644 1648
892 407 1647 1646
892 890 1648 1647
891 406 1651 1649
893 278 1652 1602
893 873 565 1597
893 305 1597 707
893 222 1602 565
898 455 1656 1654
896 320 643 1701
896 375 1661 1662
895 460 1657 966
895 487 1658 964
895 459 964 1657
895 461 966 1658
896 348 1662 643
909 268 1683 1693
908 375 823 868
897 888 1665 1676
897 886 1676 1636
898 454 1663 1656
899 876 1668 1682
899 427 1660 1668
900 887 1669 954
900 453 1631 1672
902 269 1670 1674
909 269 1671 1670
900 899 1672 1698
901 268 1673 1683
901 267 1667 1673
902 889 1674 1659
902 896 1661 1696
899 453 1672 1660
903 886 1664 606
905 886 1636 1664
903 273 1634 1697
901 295 1675 1667
321 320 1701 1686
904 326 1677 698
907 326 699 1677
904 299 698 651
273 216 1678 1697
905 897 1679 1636
905 903 1664 1684
905 245 1637 1679
906 487 1680 1015
906 542 1681 1013
906 541 1013 1680
906 514 1015 1059
428 401 1691 1700
905 216 1684 1699
905 272 1699 1637
898 428 1685 1700
898 401 1700 1666
904 216 1687 1689
907 300 1688 699
907 904 1677 1689
907 273 1678 1688
907 216 1689 1678
908 400 1690 823
908 428 1691 1692
908 401 868 1691
899 428 1692 1698
908 899 1692 1682
909 894 1693 1671
909 321 1694 1695
909 902 1670 1694
901 321 1695 1686
909 901 1695 1683
901 320 1686 1675
902 321 1696 1694
903 216 1697 1684
900 428 1698 1685
900 898 1685 1654
272 216 1699 1687
896 321 1701 1696
