402 726
0.000000 0.000000
44.611111 0.000000
89.111111 0.000000
133.611111 0.000000
178.111111 0.000000
222.611111 0.000000
267.111111 0.000000
311.611111 0.000000
356.111111 0.000000
400.611111 0.000000
445.111111 0.000000
489.611111 0.000000
534.111111 0.000000
578.611111 0.000000
623.111111 0.000000
667.611111 0.000000
712.111111 0.000000
756.611111 0.000000
801.222222 0.000000
0.000000 44.611111
32.537911 35.642006
71.426320 37.727912
115.024161 41.237315
161.568221 46.410658
212.083508 55.322194
258.466039 58.928780
299.440842 55.872254
341.499717 54.391035
381.769842 54.548376
424.335476 55.578324
470.400073 54.731807
515.479332 50.700787
559.464582 48.220870
603.501606 46.434313
648.716776 46.016815
696.279255 47.407205
751.099975 52.779618
801.222222 44.611111
0.000000 84.222222
25.816646 66.322985
53.371116 65.188458
93.898687 84.296985
140.524997 78.984994
190.050656 102.916532
261.692052 123.675724
287.857192 118.702146
330.099796 103.211452
369.965612 112.714017
398.096206 104.606580
450.025479 119.581918
497.842800 102.524268
541.460857 98.712682
583.652120 93.449998
627.494886 90.881700
674.346909 91.340670
723.825327 94.277840
766.449424 98.923144
801.222222 84.222222
0.000000 123.833333
43.171772 101.949524
142.077334 120.059143
183.489884 142.794084
228.913150 153.164913
274.835760 139.140009
320.490698 143.169639
358.908512 152.058643
482.474222 136.182968
527.226747 155.224931
565.131294 142.124938
604.921844 134.270054
649.911768 133.710167
699.933997 135.687038
754.900665 139.485707
801.222222 123.833333
0.000000 163.444444
37.423596 144.853337
91.686449 144.925638
152.805203 166.431125
203.599044 171.395951
251.675082 187.447747
275.225706 156.987623
309.427534 182.752789
396.563234 150.830275
430.209349 155.111347
511.798660 177.758843
550.752649 199.338849
582.820768 171.711772
620.608994 173.668684
672.274520 176.327060
724.444909 178.906382
767.270330 181.281815
801.222222 163.444444
0.000000 203.055556
52.255536 190.111404
120.163464 206.772306
175.809027 212.635961
282.254682 214.499515
325.715576 217.174197
351.722484 207.932157
402.641179 202.435680
572.735281 209.118607
641.080250 216.804459
697.783106 219.099269
754.603579 221.486276
801.222222 203.055556
0.000000 242.666667
35.931480 229.068805
80.576426 238.656248
123.486377 252.417933
164.517689 242.224152
230.892636 233.525224
293.562584 251.597619
330.054108 259.629298
384.095035 278.506189
415.727401 255.088787
455.486687 256.693014
493.298941 245.427250
563.665921 242.780711
612.285447 263.623603
670.870255 258.931114
723.520566 262.063833
766.828690 263.273449
801.222222 242.666667
0.000000 282.277778
46.821049 270.852428
104.792952 282.711532
147.376908 291.723635
265.428874 289.098271
312.824850 290.070067
352.687201 286.322937
435.758485 283.334555
467.385637 297.513005
571.086979 276.675197
620.345618 308.836938
653.113881 290.252260
697.494288 301.689520
753.595856 307.840138
801.222222 282.277778
0.000000 321.888889
31.539628 306.673367
74.901003 313.910697
155.590855 328.706502
253.902506 334.717186
293.578863 328.021836
341.637458 325.745223
432.384127 321.624851
564.042810 312.009828
589.214960 298.205400
695.221991 341.817687
721.565020 332.711218
743.648162 352.944263
773.250909 345.805336
801.222222 321.888889
0.000000 361.500000
35.973482 344.436465
74.684383 350.082966
124.631484 402.844219
160.406833 369.025736
250.176549 364.957918
274.618208 365.386321
313.061198 363.107012
347.661514 361.129359
383.243682 409.361016
451.112254 367.287655
481.347028 355.585927
590.405655 353.976959
717.836727 359.218499
729.038470 387.202013
766.528984 384.812404
801.222222 361.500000
0.000000 401.111111
24.053571 379.771829
46.633276 377.227359
60.793851 397.261327
180.320914 392.564418
246.704787 397.704316
290.285489 403.803395
330.585652 394.546713
363.406003 381.688047
444.272834 397.250073
479.583379 400.265690
509.203245 388.496440
642.995114 364.361855
699.663631 381.372197
704.126057 421.842099
742.334404 422.940205
774.894156 422.101862
801.222222 401.111111
0.000000 440.722222
37.659748 414.584412
88.729617 443.874746
135.105224 435.697001
172.379560 431.403337
251.571462 445.033905
273.565260 447.369413
303.177849 454.700021
365.921935 402.846169
416.358660 422.871430
456.335999 434.113807
490.923177 434.989206
578.975033 447.457638
602.640970 461.591388
668.080737 460.289460
716.199964 460.708833
763.100158 460.867550
801.222222 440.722222
0.000000 480.333333
43.406352 462.122731
91.441879 488.029840
154.680232 464.665704
165.441670 508.248143
191.987834 492.533494
251.722197 486.537451
297.930101 496.434063
378.365751 515.565851
421.516594 485.440970
474.291246 506.589900
485.361427 463.865307
566.259902 499.860524
599.004486 504.432767
630.594461 500.212346
685.510222 498.861876
733.936617 499.343651
771.792856 499.828101
801.222222 480.333333
0.000000 519.944444
42.604281 505.192707
133.774549 512.929503
158.616633 534.764577
188.148136 536.346422
229.040165 522.506871
266.957466 515.488122
348.043486 506.983287
418.309611 534.647915
450.288557 533.309580
487.607448 541.133842
526.682174 509.199899
579.152976 529.266924
616.374123 531.232656
656.686159 535.441160
707.488592 537.096139
759.437454 538.603207
801.222222 519.944444
0.000000 559.555556
35.320070 541.332623
85.452674 539.394870
141.683441 559.049687
164.034202 557.247755
221.168794 567.322033
254.975324 536.955094
293.299300 539.675455
338.761224 579.249657
398.303392 566.691724
435.085249 556.955680
464.921161 575.089291
577.837984 558.857902
620.990709 571.280390
679.126535 573.924372
730.174981 576.331085
770.173967 578.063068
801.222222 559.555556
0.000000 599.166667
48.538670 582.577107
104.798520 586.655032
144.975375 584.277158
186.746462 571.799916
235.105907 622.229218
259.388525 582.254722
377.070762 601.098833
416.187477 594.184637
521.854074 581.480639
566.353575 598.952630
601.019377 602.007206
653.397626 609.741034
705.993976 613.617656
758.797784 616.637083
801.222222 599.166667
0.000000 638.777778
34.893204 623.302948
79.297469 628.634885
128.836096 625.998843
175.543727 614.557239
204.915082 626.720918
294.545444 622.185101
343.605451 630.759104
388.496370 634.609046
433.248033 630.663258
515.854653 642.996494
550.016743 627.475363
582.399029 635.613380
630.684602 646.562207
682.561695 651.036735
731.890777 654.008135
770.895101 656.473903
801.222222 638.777778
0.000000 678.388889
46.624196 667.360104
112.084084 685.918410
156.310449 655.952451
195.021962 653.806133
232.157354 671.212083
281.539655 651.724983
308.871933 666.892923
353.887059 680.519072
406.979567 670.429376
446.484997 660.110575
476.418702 649.556626
541.830111 664.778722
603.078937 690.406684
661.646003 690.556295
711.750242 691.716731
761.340641 694.551126
801.222222 678.388889
0.000000 718.000000
32.393461 704.958610
67.693278 711.541671
170.062117 699.482827
213.656731 702.164127
251.081365 688.457653
293.060336 706.744783
338.261924 708.883312
387.573724 709.687192
411.313162 711.667511
471.418444 696.518630
499.259415 692.284699
557.746699 710.087782
647.429660 733.612800
694.364396 729.986522
738.693518 730.147391
773.708781 733.114767
801.222222 718.000000
0.000000 757.611111
47.646403 749.503473
99.712704 749.969470
148.125744 748.410149
195.169300 750.646778
238.446753 749.379524
281.050112 750.564186
324.989832 754.358665
369.844353 755.515206
411.518383 755.717554
454.656765 752.990847
498.968173 749.596627
544.751549 751.340131
599.810562 751.623491
643.939562 771.462914
681.731658 767.626853
724.929856 766.245501
766.064764 765.261093
801.222222 757.611111
0.000000 802.222222
44.611111 802.222222
89.111111 802.222222
133.611111 802.222222
178.111111 802.222222
222.611111 802.222222
267.111111 802.222222
311.611111 802.222222
356.111111 802.222222
400.611111 802.222222
445.111111 802.222222
489.611111 802.222222
534.111111 802.222222
578.611111 802.222222
623.111111 802.222222
667.611111 802.222222
712.111111 802.222222
756.611111 802.222222
801.222222 802.222222
664.590153 318.160196
669.353297 418.461973
551.993371 373.997602
495.960537 313.434546
447.371471 239.337269
480.124371 226.225133
523.889239 424.136461
184.439645 316.470219
606.651970 412.715789
567.817005 417.390804
516.525160 215.133081
207.811817 296.654787
386.354244 530.841672
578.313945 329.881434
597.728596 379.553099
573.614923 393.981575
380.661395 467.650685
482.014521 182.914387
457.045123 170.590819
342.502170 527.813846
389.617200 340.553921
417.973981 361.711569
215.692300 220.376699
194.779074 249.857886
387.405350 234.403218
365.480335 252.979614
382.031392 311.003914
182.463305 288.520365
180.063681 344.269247
350.001353 454.098056
206.395704 364.811022
347.942477 479.291487
405.743732 291.595113
2 1 21
21 1 20
333 332 352
352 332 351
3 2 22
22 2 21
334 333 353
353 333 352
4 3 23
23 3 22
335 334 354
354 334 353
5 4 24
24 4 23
336 335 355
355 335 354
6 5 25
25 5 24
337 336 356
356 336 355
7 6 26
26 6 25
338 337 357
357 337 356
8 7 27
27 7 26
339 338 358
358 338 357
9 8 28
28 8 27
340 339 359
359 339 358
10 9 29
29 9 28
341 340 360
360 340 359
11 10 30
30 10 29
342 341 361
361 341 360
12 11 31
31 11 30
343 342 362
362 342 361
13 12 32
32 12 31
344 343 363
363 343 362
14 13 33
33 13 32
345 344 364
364 344 363
15 14 34
34 14 33
346 345 365
365 345 364
16 15 35
35 15 34
347 346 366
366 346 365
17 16 36
36 16 35
348 347 367
367 347 366
18 17 37
37 17 36
349 348 368
368 348 367
19 18 38
38 18 37
350 349 369
369 349 368
21 20 40
40 20 39
38 37 58
58 37 57
40 39 60
60 39 59
58 57 74
74 57 73
60 59 76
76 59 75
74 73 92
92 73 91
76 75 94
94 75 93
92 91 105
105 91 104
94 93 107
107 93 106
105 104 123
123 104 122
107 106 125
125 106 124
123 122 138
138 122 137
125 124 140
140 124 139
138 137 153
153 137 152
140 139 155
155 139 154
153 152 170
170 152 169
155 154 172
172 154 171
170 169 188
188 169 187
172 171 190
190 171 189
188 187 206
206 187 205
190 189 208
208 189 207
206 205 225
225 205 224
208 207 227
227 207 226
225 224 243
243 224 242
227 226 245
245 226 244
243 242 261
261 242 260
245 244 263
263 244 262
261 260 277
277 260 276
263 262 279
279 262 278
277 276 295
295 276 294
279 278 297
297 278 296
295 294 313
313 294 312
297 296 315
315 296 314
313 312 331
331 312 330
315 314 333
333 314 332
331 330 350
350 330 349
22 21 41
42 41 60
23 22 42
43 42 61
24 23 43
44 61 62
25 24 44
63 44 62
26 25 45
64 45 63
27 26 46
65 46 64
28 27 47
66 47 65
29 28 48
83 48 66
30 29 49
84 49 83
31 30 50
50 388 67
32 31 51
68 51 67
33 32 52
69 52 68
34 33 53
70 53 69
35 34 54
71 54 70
36 35 55
72 55 71
37 36 56
73 56 72
41 21 40
41 40 60
42 22 41
43 23 42
44 24 43
61 44 43
45 25 44
45 44 63
46 26 45
46 45 64
47 27 46
47 46 65
48 28 47
48 47 66
49 29 48
49 48 83
50 30 49
50 49 84
51 31 50
51 50 67
52 32 51
52 51 68
53 33 52
53 52 69
54 34 53
54 53 70
55 35 54
55 54 71
56 36 55
56 55 72
57 37 56
57 56 73
42 60 77
95 77 94
77 61 42
78 96 79
78 62 61
63 62 79
81 63 80
392 111 80
65 64 81
82 97 98
66 65 82
99 82 98
66 100 83
388 50 84
68 67 85
69 68 86
70 69 87
71 70 88
102 88 101
72 71 89
103 89 102
73 72 90
104 90 103
77 60 76
77 76 94
61 77 78
78 77 95
62 78 79
96 78 95
110 393 96
80 63 79
392 79 96
63 81 64
82 80 97
82 65 81
80 82 81
99 66 82
100 66 99
83 100 84
67 387 85
86 68 85
87 69 86
87 86 101
88 70 87
88 87 101
89 71 88
89 88 102
90 72 89
90 89 103
91 73 90
91 90 104
95 94 108
126 108 125
110 95 109
127 109 126
80 111 97
98 97 112
129 112 128
395 98 113
130 113 129
395 394 99
132 116 131
118 117 133
380 85 387
148 119 133
119 102 101
135 119 134
103 102 120
136 120 135
104 103 121
137 121 136
108 94 107
108 107 125
109 95 108
109 108 126
95 110 96
110 109 127
112 97 111
112 111 128
113 98 112
113 112 129
100 115 374
116 115 131
117 116 132
117 118 380
373 117 132
101 118 119
119 118 133
120 102 119
120 119 135
121 103 120
121 120 136
122 104 121
122 121 137
126 125 141
156 141 155
127 126 142
158 156 157
398 142 158
160 143 159
129 128 144
161 144 160
130 129 145
162 145 161
179 390 162
391 164 146
146 132 131
132 165 373
147 117 373
134 183 370
370 135 134
370 136 135
151 167 168
150 137 136
169 151 168
141 125 140
141 140 155
142 126 141
142 141 156
156 158 142
144 128 143
144 143 160
145 129 144
145 144 161
396 145 390
390 145 162
146 396 390
165 132 146
165 146 164
119 148 134
183 134 166
136 149 150
150 149 167
137 150 151
167 151 150
152 137 151
152 151 169
156 155 173
174 190 191
157 156 174
157 192 193
175 157 193
176 400 175
193 194 175
160 159 176
195 176 194
161 160 177
196 177 195
162 161 178
197 178 196
390 179 163
399 163 197
180 391 198
199 180 198
165 164 181
200 181 199
181 376 182
370 183 149
167 149 184
185 371 203
184 168 167
204 185 203
169 168 186
205 186 204
173 155 172
173 172 190
174 156 173
190 174 173
191 157 174
192 157 191
157 175 158
400 176 159
176 175 194
177 160 176
177 176 195
178 161 177
178 177 196
179 162 178
179 178 197
197 163 179
391 180 164
181 164 180
181 180 199
182 165 181
376 181 200
184 149 183
168 184 185
371 185 184
186 168 185
186 185 204
187 169 186
187 186 205
208 191 190
246 209 227
192 191 210
211 228 229
210 193 192
230 211 229
194 193 212
231 212 230
195 194 213
232 213 231
196 195 214
163 399 386
199 198 216
235 216 234
216 218 199
236 217 235
237 376 218
217 237 218
238 219 237
202 220 221
239 220 238
203 221 222
240 221 239
204 203 222
241 222 240
205 204 223
242 223 241
191 208 209
209 208 227
210 191 209
210 209 228
212 210 211
228 211 210
210 212 193
212 211 230
213 194 212
213 212 231
214 195 213
214 213 232
386 216 198
382 216 215
218 216 217
217 216 235
199 218 200
237 217 236
376 219 201
376 237 219
202 219 220
220 219 238
219 202 201
221 220 239
221 203 202
222 221 240
223 204 222
223 222 241
224 205 223
224 223 242
209 246 228
264 246 263
229 228 247
265 247 264
230 229 248
266 248 265
231 230 249
267 249 266
232 231 250
249 268 250
252 251 268
216 382 234
270 253 269
235 234 254
255 254 270
236 235 255
237 236 271
256 237 271
272 256 271
239 256 257
256 273 257
240 239 257
274 257 273
241 240 258
275 258 274
242 241 259
276 259 275
246 227 245
246 245 263
247 228 246
247 246 264
248 229 247
248 247 265
266 230 248
230 266 249
250 231 249
268 249 267
251 232 250
251 250 268
389 251 252
253 252 269
254 234 253
254 253 270
255 235 254
271 236 255
237 256 238
256 239 238
273 256 272
258 240 257
258 257 274
259 241 258
259 258 275
260 242 259
260 259 276
264 263 280
298 280 297
265 264 281
299 281 298
266 265 282
300 282 299
267 266 283
301 283 300
302 267 301
252 268 284
303 284 302
269 252 285
304 285 303
270 269 286
305 286 304
255 270 287
306 287 305
288 255 307
324 307 306
289 271 288
325 288 307
272 271 289
288 308 289
273 272 290
309 290 308
274 273 291
310 291 309
275 274 292
311 292 310
276 275 293
312 293 311
280 263 279
280 279 297
281 264 280
281 280 298
282 265 281
282 281 299
283 266 282
283 282 300
267 283 301
284 268 267
284 267 302
285 252 284
285 284 303
286 269 285
286 285 304
287 270 286
287 286 305
307 255 287
307 287 306
255 288 271
290 272 289
290 289 308
291 273 290
291 290 309
292 274 291
292 291 310
293 275 292
293 292 311
294 276 293
294 293 312
298 297 316
334 316 333
335 298 334
300 299 317
336 317 335
301 300 318
337 318 336
302 301 319
338 319 337
303 302 320
339 320 338
304 303 321
340 321 339
305 304 322
341 322 340
306 305 323
342 323 341
343 324 342
288 325 308
344 325 343
309 308 326
345 326 344
327 345 346
310 309 327
347 327 346
311 310 328
348 328 347
312 311 329
349 329 348
316 297 315
316 315 333
298 316 334
317 299 298
317 298 335
318 300 317
318 317 336
319 301 318
319 318 337
320 302 319
320 319 338
321 303 320
321 320 339
322 304 321
322 321 340
323 305 322
323 322 341
324 306 323
324 323 342
325 307 324
325 324 343
326 308 325
326 325 344
309 326 345
345 327 309
328 310 327
328 327 347
329 311 328
329 328 348
330 312 329
330 329 349
136 370 149
383 134 148
203 371 202
183 371 184
371 378 202
379 201 378
377 127 142
182 372 165
372 373 165
373 372 147
117 147 133
148 133 147
383 148 147
394 115 100
375 116 117
116 374 115
166 372 385
86 118 101
116 375 374
385 376 379
218 376 200
202 378 201
376 372 182
375 388 374
183 378 371
381 128 111
201 379 376
118 86 380
376 385 372
385 378 384
381 143 128
234 382 253
372 383 147
183 384 378
166 385 384
372 166 383
378 385 379
134 383 166
183 166 384
216 386 215
163 386 198
374 388 100
85 380 86
251 214 232
380 375 117
100 388 84
67 388 387
388 375 387
375 380 387
252 382 389
382 252 253
391 390 163
145 396 130
390 391 146
198 391 163
111 393 381
79 392 80
393 111 392
96 393 392
401 215 386
99 394 100
98 395 99
396 146 402
130 395 113
397 110 127
397 381 393
110 397 393
398 143 377
400 398 158
377 142 398
397 127 377
196 399 197
401 386 399
400 143 398
143 381 377
381 397 377
401 214 233
233 389 382
143 400 159
175 400 158
402 115 114
214 401 196
196 401 399
131 402 146
214 389 233
389 214 251
114 394 395
115 402 131
215 233 382
396 402 114
115 394 114
130 114 395
215 401 233
130 396 114
0.016925
0.016925
0.016925
0.016925
0.016925
0.016925
0.016925
0.016925
0.016925
0.016925
0.016925
0.016925
0.016925
0.016925
0.016925
0.016925
0.016925
0.016925
0.016925
0.016925
0.016925
0.016925
0.016925
0.016925
0.016925
0.016925
0.016925
0.016925
0.016925
0.016925
0.016925
0.016925
0.016925
0.016925
0.016925
0.016925
0.016925
0.016925
0.016925
0.016925
0.016925
0.016925
0.016925
0.016925
0.016925
0.016925
0.016925
0.016925
0.016925
0.016925
0.016925
0.016925
0.016925
0.016925
0.016925
0.016925
0.016925
0.016925
0.016925
0.016925
0.016925
0.016925
0.016925
0.016925
0.016925
0.016925
0.016925
0.016925
0.016925
0.016925
0.016925
0.016925
0.016925
0.016925
0.016925
0.016925
0.016925
0.016925
0.016925
0.016925
0.016925
0.016925
0.016925
0.016925
0.016925
0.016925
0.016925
0.016925
0.016925
0.016925
0.016925
0.016925
0.016925
0.016925
0.016925
0.016925
0.016925
0.016925
0.016925
0.016925
0.016925
0.016925
0.016925
0.016925
0.016925
0.016925
0.016925
0.016925
0.016925
0.016925
0.016925
0.016925
0.016925
0.016925
0.016925
0.016925
0.016925
0.016925
0.016925
0.016925
0.016925
0.016925
0.016925
0.016925
0.016925
0.016925
0.016925
0.016925
0.016925
0.016925
0.016925
0.016925
0.016925
0.016925
0.016925
0.016925
0.016925
0.016925
0.016925
0.016925
0.016925
0.016925
0.016925
0.016925
0.016925
0.016925
0.016925
0.016925
0.016925
0.016925
0.016925
0.016925
0.016925
0.699238
0.016925
0.699238
0.016925
0.699238
0.016925
0.699238
0.016925
0.699238
0.016925
0.699238
0.016925
0.016925
0.016925
0.016925
0.016925
0.016925
0.016925
0.016925
0.016925
0.016925
0.016925
0.016925
0.016925
0.016925
0.016925
0.016925
0.016925
0.016925
0.016925
0.016925
0.016925
0.699238
0.016925
0.699238
0.016925
0.699238
0.016925
0.699238
0.016925
0.699238
0.016925
0.016925
0.016925
0.016925
0.016925
0.016925
0.016925
0.016925
0.016925
0.016925
0.016925
0.016925
0.016925
0.016925
0.016925
0.016925
0.016925
0.016925
0.016925
0.016925
0.699238
0.016925
0.699238
0.016925
0.016925
0.016925
0.016925
0.699238
0.699238
0.016925
0.016925
0.016925
0.016925
0.016925
0.016925
0.016925
0.016925
0.016925
0.016925
0.016925
0.016925
0.016925
0.016925
0.699238
0.699238
0.699238
0.699238
0.016925
0.016925
0.016925
0.016925
0.016925
0.016925
0.699238
0.699238
0.016925
0.016925
0.016925
0.016925
0.016925
0.016925
0.016925
0.016925
0.016925
0.016925
0.016925
0.016925
0.016925
0.016925
0.016925
0.016925
0.699238
0.699238
0.699238
0.016925
0.699238
0.016925
0.699238
0.699238
0.016925
0.016925
0.016925
0.016925
0.016925
0.016925
0.016925
0.016925
0.016925
0.016925
0.016925
0.016925
0.016925
0.699238
0.699238
0.699238
0.699238
0.699238
0.699238
0.016925
0.016925
0.699238
0.699238
0.016925
0.016925
0.016925
0.016925
0.016925
0.016925
0.016925
0.016925
0.016925
0.699238
0.699238
0.699238
0.699238
0.699238
0.699238
0.699238
0.699238
0.699238
0.699238
0.699238
0.016925
0.699238
0.016925
0.016925
0.016925
0.016925
0.016925
0.016925
0.016925
0.016925
0.016925
0.699238
0.699238
0.699238
0.699238
0.699238
0.699238
0.699238
0.016925
0.699238
0.699238
0.699238
0.699238
0.016925
0.016925
0.016925
0.016925
0.016925
0.016925
0.016925
0.016925
0.699238
0.699238
0.699238
0.699238
0.016925
0.699238
0.699238
0.699238
0.699238
0.699238
0.699238
0.699238
0.699238
0.699238
0.699238
0.699238
0.699238
0.699238
0.699238
0.016925
0.016925
0.016925
0.016925
0.016925
0.016925
0.016925
0.016925
0.016925
0.016925
0.699238
0.699238
0.699238
0.699238
0.699238
0.699238
0.699238
0.699238
0.699238
0.699238
0.699238
0.699238
0.699238
0.699238
0.699238
0.699238
0.699238
0.699238
0.016925
0.016925
0.016925
0.016925
0.016925
0.016925
0.016925
0.016925
0.699238
0.699238
0.699238
0.699238
0.016925
0.699238
0.699238
0.699238
0.699238
0.699238
0.699238
0.699238
0.699238
0.699238
0.016925
0.699238
0.016925
0.699238
0.699238
0.016925
0.016925
0.016925
0.016925
0.016925
0.016925
0.016925
0.016925
0.016925
0.016925
0.699238
0.699238
0.699238
0.699238
0.699238
0.699238
0.699238
0.699238
0.016925
0.699238
0.699238
0.699238
0.699238
0.699238
0.016925
0.016925
0.699238
0.699238
0.699238
0.699238
0.016925
0.016925
0.016925
0.016925
0.016925
0.016925
0.016925
0.016925
0.699238
0.016925
0.699238
0.699238
0.699238
0.016925
0.699238
0.016925
0.699238
0.699238
0.016925
0.699238
0.016925
0.699238
0.699238
0.016925
0.016925
0.699238
0.699238
0.016925
0.016925
0.016925
0.016925
0.016925
0.016925
0.016925
0.016925
0.016925
0.016925
0.699238
0.699238
0.699238
0.699238
0.699238
0.016925
0.699238
0.699238
0.699238
0.016925
0.699238
0.016925
0.699238
0.699238
0.016925
0.699238
0.699238
0.016925
0.016925
0.016925
0.016925
0.016925
0.016925
0.016925
0.016925
0.016925
0.016925
0.699238
0.016925
0.699238
0.699238
0.699238
0.016925
0.016925
0.016925
0.016925
0.016925
0.016925
0.016925
0.016925
0.016925
0.699238
0.016925
0.699238
0.016925
0.699238
0.699238
0.016925
0.016925
0.016925
0.016925
0.016925
0.016925
0.016925
0.016925
0.016925
0.016925
0.016925
0.016925
0.016925
0.699238
0.699238
0.699238
0.016925
0.016925
0.016925
0.016925
0.016925
0.016925
0.016925
0.016925
0.016925
0.016925
0.016925
0.699238
0.699238
0.016925
0.016925
0.016925
0.016925
0.016925
0.016925
0.016925
0.016925
0.016925
0.016925
0.016925
0.016925
0.016925
0.016925
0.016925
0.699238
0.016925
0.699238
0.016925
0.699238
0.016925
0.699238
0.016925
0.699238
0.016925
0.016925
0.699238
0.016925
0.016925
0.016925
0.016925
0.016925
0.016925
0.016925
0.016925
0.016925
0.016925
0.016925
0.016925
0.016925
0.016925
0.016925
0.016925
0.016925
0.016925
0.016925
0.699238
0.016925
0.699238
0.016925
0.699238
0.016925
0.699238
0.016925
0.699238
0.016925
0.699238
0.016925
0.016925
0.016925
0.016925
0.016925
0.016925
0.016925
0.016925
0.016925
0.016925
0.016925
0.016925
0.699238
0.016925
0.699238
0.699238
0.016925
0.699238
0.699238
0.016925
0.016925
0.016925
0.699238
0.699238
0.699238
0.699238
0.699238
0.016925
0.699238
0.699238
0.699238
0.016925
0.699238
0.699238
0.016925
0.699238
0.699238
0.016925
0.699238
0.699238
0.016925
0.699238
0.699238
0.016925
0.699238
0.016925
0.016925
0.016925
0.699238
0.699238
0.016925
0.699238
0.016925
0.699238
0.699238
0.016925
0.016925
0.699238
0.016925
0.016925
0.016925
0.016925
0.016925
0.699238
0.016925
0.699238
0.016925
0.699238
0.016925
0.699238
0.699238
0.016925
0.699238
0.016925
0.699238
0.699238
0.016925
0.699238
0.016925
0.016925
0.699238
0.699238
0.016925
0.699238
0.016925
0.016925
0.016925
0.016925
0.016925
0.016925
0.699238
0.699238
0.016925
0.016925
0.699238
0.699238
0.699238
0.016925
0.699238
0.699238
0.016925
0.699238
0.699238
0.699238
0.699238
1127
1 0 0 -1
20 1 0 5
20 0 1 0
20 19 72 1
19 0 -1 1
332 331 2 141
351 332 2 7
351 331 3 2
351 350 -1 3
350 331 -1 3
2 1 4 -1
21 2 4 9
21 1 5 4
21 20 144 5
333 332 6 573
352 333 6 11
352 332 7 6
352 351 -1 7
3 2 8 -1
22 3 8 13
22 2 9 8
22 21 146 9
334 333 10 574
353 334 10 15
353 333 11 10
353 352 -1 11
4 3 12 -1
23 4 12 17
23 3 13 12
23 22 148 13
335 334 14 576
354 335 14 19
354 334 15 14
354 353 -1 15
5 4 16 -1
24 5 16 21
24 4 17 16
24 23 150 17
336 335 18 578
355 336 18 23
355 335 19 18
355 354 -1 19
6 5 20 -1
25 6 20 25
25 5 21 20
25 24 152 21
337 336 22 580
356 337 22 27
356 336 23 22
356 355 -1 23
7 6 24 -1
26 7 24 29
26 6 25 24
26 25 154 25
338 337 26 582
357 338 26 31
357 337 27 26
357 356 -1 27
8 7 28 -1
27 8 28 33
27 7 29 28
27 26 156 29
339 338 30 584
358 339 30 35
358 338 31 30
358 357 -1 31
9 8 32 -1
28 9 32 37
28 8 33 32
28 27 158 33
340 339 34 586
359 340 34 39
359 339 35 34
359 358 -1 35
10 9 36 -1
29 10 36 41
29 9 37 36
29 28 160 37
341 340 38 588
360 341 38 43
360 340 39 38
360 359 -1 39
11 10 40 -1
30 11 40 45
30 10 41 40
30 29 162 41
342 341 42 589
361 342 42 47
361 341 43 42
361 360 -1 43
12 11 44 -1
31 12 44 49
31 11 45 44
31 30 164 45
343 342 46 591
362 343 46 51
362 342 47 46
362 361 -1 47
13 12 48 -1
32 13 48 53
32 12 49 48
32 31 166 49
344 343 50 593
363 344 50 55
363 343 51 50
363 362 -1 51
14 13 52 -1
33 14 52 57
33 13 53 52
33 32 168 53
345 344 54 594
364 345 54 59
364 344 55 54
364 363 -1 55
15 14 56 -1
34 15 56 61
34 14 57 56
34 33 170 57
346 345 58 596
365 346 58 63
365 345 59 58
365 364 -1 59
16 15 60 -1
35 16 60 65
35 15 61 60
35 34 172 61
347 346 62 598
366 347 62 67
366 346 63 62
366 365 -1 63
17 16 64 -1
36 17 64 69
36 16 65 64
36 35 174 65
348 347 66 600
367 348 66 71
367 347 67 66
367 366 -1 67
18 17 68 -1
37 18 68 -1
37 17 69 68
37 36 74 69
349 348 70 143
368 349 70 -1
368 348 71 70
368 367 -1 71
39 20 72 176
39 19 73 72
39 38 76 73
38 19 -1 73
57 37 74 -1
57 36 75 74
57 56 78 75
56 36 206 75
59 39 76 177
59 38 77 76
59 58 80 77
58 38 -1 77
73 57 78 -1
73 56 79 78
73 72 82 79
72 56 207 79
75 59 80 231
75 58 81 80
75 74 84 81
74 58 -1 81
91 73 82 -1
91 72 83 82
91 90 86 83
90 72 257 83
93 75 84 232
93 74 85 84
93 92 88 85
92 74 -1 85
104 91 86 -1
104 90 87 86
104 103 90 87
103 90 258 87
106 93 88 279
106 92 89 88
106 105 92 89
105 92 -1 89
122 104 90 -1
122 103 91 90
122 121 94 91
121 103 300 91
124 106 92 280
124 105 93 92
124 123 96 93
123 105 -1 93
137 122 94 -1
137 121 95 94
137 136 98 95
136 121 301 95
139 124 96 323
139 123 97 96
139 138 100 97
138 123 -1 97
152 137 98 -1
152 136 99 98
152 151 102 99
151 136 343 99
154 139 100 324
154 138 101 100
154 153 104 101
153 138 -1 101
169 152 102 -1
169 151 103 102
169 168 106 103
168 151 344 103
171 154 104 372
171 153 105 104
171 170 108 105
170 153 -1 105
187 169 106 -1
187 168 107 106
187 186 110 107
186 168 398 107
189 171 108 373
189 170 109 108
189 188 112 109
188 170 -1 109
205 187 110 -1
205 186 111 110
205 204 114 111
204 186 399 111
207 189 112 400
207 188 113 112
207 206 116 113
206 188 -1 113
224 205 114 -1
224 204 115 114
224 223 118 115
223 204 455 115
226 207 116 428
226 206 117 116
226 225 120 117
225 206 -1 117
242 224 118 -1
242 223 119 118
242 241 122 119
241 223 456 119
244 226 120 484
244 225 121 120
244 243 124 121
243 225 -1 121
260 242 122 -1
260 241 123 122
260 259 126 123
259 241 509 123
262 244 124 485
262 243 125 124
262 261 128 125
261 243 -1 125
276 260 126 -1
276 259 127 126
276 275 130 127
275 259 510 127
278 262 128 542
278 261 129 128
278 277 132 129
277 261 -1 129
294 276 130 -1
294 275 131 130
294 293 134 131
293 275 570 131
296 278 132 543
296 277 133 132
296 295 136 133
295 277 -1 133
312 294 134 -1
312 293 135 134
312 311 138 135
311 293 571 135
314 296 136 601
314 295 137 136
314 313 140 137
313 295 -1 137
330 312 138 -1
330 311 139 138
330 329 142 139
329 311 630 139
332 314 140 602
332 313 141 140
331 313 -1 141
349 330 142 -1
349 329 143 142
348 329 631 143
40 21 144 178
40 20 176 144
41 40 145 178
59 41 145 208
59 40 177 145
41 22 146 179
41 21 178 146
42 41 147 179
60 41 210 147
42 23 148 180
42 22 179 148
60 43 181 149
61 60 212 149
60 42 147 181
43 24 150 182
43 23 180 150
62 43 151 183
62 61 213 151
61 43 149 151
44 25 152 184
44 24 182 152
63 44 153 185
63 62 240 153
62 44 183 153
45 26 154 186
45 25 184 154
64 45 155 187
64 63 216 155
63 45 185 155
46 27 156 188
46 26 186 156
65 46 157 189
65 64 218 157
64 46 187 157
47 28 158 190
47 27 188 158
82 47 159 191
65 47 189 159
48 29 160 192
48 28 190 160
83 48 161 193
82 48 191 161
49 30 162 194
49 29 192 162
66 49 163 195
387 49 221 163
83 49 193 221
50 31 164 196
50 30 194 164
67 50 165 197
67 66 222 165
66 50 195 165
51 32 166 198
51 31 196 166
68 51 167 199
68 67 223 167
67 51 197 167
52 33 168 200
52 32 198 168
69 52 169 201
69 68 224 169
68 52 199 169
53 34 170 202
53 33 200 170
70 53 171 203
70 69 225 171
69 53 201 171
54 35 172 204
54 34 202 172
71 54 173 205
71 70 227 173
70 54 203 173
55 36 174 206
55 35 204 174
72 55 175 207
72 71 229 175
71 55 205 175
40 39 177 176
43 42 181 180
44 43 183 182
45 44 185 184
46 45 187 186
47 46 189 188
48 47 191 190
49 48 193 192
50 49 195 194
51 50 197 196
52 51 199 198
53 52 201 200
54 53 203 202
55 54 205 204
56 55 207 206
76 41 208 210
76 59 231 208
94 76 209 234
94 93 259 209
93 76 232 209
77 60 233 212
76 60 210 233
95 77 236 211
95 94 283 236
94 77 234 236
78 61 235 213
77 61 212 235
95 78 211 239
78 62 213 238
391 78 239 688
80 62 214 240
79 62 238 214
96 79 263 241
110 79 215 263
80 64 216 242
80 63 240 216
96 81 241 217
97 96 264 217
81 79 241 243
81 65 218 244
81 64 242 218
98 81 219 244
98 97 693 219
97 81 217 219
82 65 220 159
99 82 220 246
99 98 692 245
99 65 245 220
83 82 246 161
387 373 655 673
99 83 246 677
386 66 678 247
84 67 222 248
84 66 247 222
85 68 223 249
85 67 248 223
100 85 649 250
86 69 224 251
86 68 249 224
100 86 250 252
87 70 225 253
87 69 251 225
101 87 226 254
101 100 273 226
100 87 252 226
88 71 227 255
88 70 253 227
102 88 228 256
102 101 275 228
101 88 254 228
89 72 229 257
89 71 255 229
103 89 230 258
103 102 277 230
102 89 256 230
76 75 232 231
77 76 234 233
78 77 211 235
79 78 688 238
80 79 243 214
81 80 243 242
98 65 244 245
85 84 674 248
86 85 250 249
87 86 252 251
88 87 254 253
89 88 256 255
90 89 258 257
107 94 259 281
107 93 279 259
125 107 260 282
125 124 302 260
124 107 280 260
109 94 261 283
108 94 281 261
126 108 262 284
126 125 304 262
125 108 282 262
109 95 283 237
126 109 284 696
110 96 263 285
127 110 657 286
111 97 264 287
111 96 285 264
128 111 265 288
128 127 308 265
127 111 286 265
394 97 266 693
112 97 287 266
129 112 267 695
129 128 310 267
128 112 288 267
114 99 645 289
130 114 719 290
131 115 269 291
131 130 314 269
130 115 290 269
372 116 293 316
131 116 291 293
117 100 649 294
132 117 270 295
118 100 294 273
147 118 272 337
132 118 295 272
118 101 273 296
134 118 274 297
134 133 318 274
133 118 337 274
119 102 275 298
119 101 296 275
135 119 276 299
135 134 319 276
134 119 297 276
120 103 277 300
120 102 298 277
136 120 278 301
136 135 321 278
135 120 299 278
107 106 280 279
108 107 282 281
109 108 284 261
111 110 286 285
112 111 288 287
115 114 290 647
116 115 291 646
117 116 270 292
118 117 295 294
119 118 297 296
120 119 299 298
121 120 301 300
140 125 302 325
140 124 323 302
155 140 303 326
155 154 345 303
154 140 324 303
141 126 304 638
141 125 325 304
157 155 305 327
156 155 347 305
155 141 326 327
157 156 378 305
157 141 327 306
142 127 662 328
380 142 662 706
159 142 307 329
159 158 352 307
158 142 710 307
143 128 308 330
143 127 328 308
160 143 309 331
160 159 354 309
159 143 329 309
144 129 310 684
144 128 330 310
161 144 311 333
161 160 356 311
160 144 331 311
389 178 358 312
389 144 333 332
145 130 715 314
163 145 313 336
390 197 360 686
372 131 315 293
145 131 314 335
164 163 362 336
164 145 336 335
147 133 337 633
369 182 365 317
382 133 633 669
369 135 319 632
166 148 366 340
149 135 339 321
148 135 632 339
166 150 342 320
167 166 368 320
166 149 340 342
150 136 341 343
149 136 321 341
168 150 322 344
168 167 370 322
167 150 320 322
140 139 324 323
141 140 326 325
376 126 638 702
143 142 329 328
144 143 331 330
395 144 332 684
164 131 335 315
182 133 338 317
149 148 340 339
150 149 342 341
151 150 344 343
172 155 345 374
172 154 372 345
189 173 375 346
190 189 400 346
189 172 373 375
173 156 347 376
173 155 374 347
191 156 377 348
191 190 402 377
190 173 346 376
174 156 349 378
192 156 348 349
192 191 404 348
399 175 379 350
174 157 378 711
193 174 351 380
193 192 406 351
175 159 352 381
175 158 379 352
194 175 353 382
194 193 408 353
193 175 380 353
176 160 354 383
176 159 381 354
195 176 355 384
195 194 410 355
194 176 382 355
177 161 356 385
177 160 383 356
196 177 357 386
196 195 703 357
195 177 384 357
178 162 358 387
178 161 385 312
196 162 387 359
385 162 411 672
196 178 386 387
179 163 388 389
390 179 388 360
198 179 361 390
198 197 412 361
197 179 360 361
180 164 362 391
180 163 389 362
199 180 363 392
199 198 443 363
198 180 390 363
181 164 391 639
384 375 651 660
375 180 392 364
378 200 637 658
182 148 365 393
201 200 449 653
183 166 366 368
183 148 393 366
370 184 395 367
202 201 451 634
184 167 394 396
183 167 368 394
203 184 369 397
203 202 423 369
202 184 367 369
185 168 370 398
185 167 396 370
204 185 371 399
204 203 425 371
203 185 397 371
172 171 373 372
173 172 375 374
190 156 376 377
192 174 349 351
175 174 380 350
176 175 382 381
177 176 384 383
178 177 386 385
197 162 672 686
180 179 390 389
181 180 364 391
183 182 635 393
184 183 395 394
185 184 397 396
186 185 399 398
208 190 427 429
207 190 400 427
227 208 457 430
245 208 401 457
226 208 428 401
209 191 402 404
209 190 429 402
227 210 432 403
228 227 459 403
227 209 430 432
211 209 431 433
209 192 404 433
229 210 405 434
229 228 461 405
228 210 403 405
211 193 406 435
211 192 433 406
230 211 407 436
230 229 463 407
229 211 434 407
212 194 408 437
212 193 435 408
231 212 409 438
231 230 465 409
230 212 436 409
213 195 410 713
213 194 437 410
231 213 438 675
398 162 359 411
381 215 440 468
381 233 468 663
215 198 412 414
215 197 439 412
234 215 413 442
234 233 470 413
233 215 468 413
217 198 414 443
217 215 441 414
235 216 415 444
235 234 472 415
234 216 442 415
375 217 416 652
217 199 443 652
236 217 417 416
236 235 473 444
236 216 444 417
218 200 445 449
375 218 445 446
237 218 418 448
237 236 502 418
236 218 446 418
219 201 447 419
218 201 449 447
238 219 420 450
238 237 503 420
237 219 448 420
220 202 451 421
220 201 419 451
239 220 422 452
239 238 478 422
238 220 450 422
221 203 423 453
221 202 421 423
240 221 424 454
240 239 480 424
239 221 452 424
222 204 425 455
222 203 453 425
241 222 426 456
241 240 482 426
240 222 454 426
208 207 428 427
209 208 430 429
210 209 432 431
211 210 434 431
212 211 436 435
213 212 438 437
215 214 440 671
216 215 442 441
217 216 417 441
375 236 446 416
219 218 448 447
220 219 450 419
221 220 452 421
222 221 454 453
223 222 456 455
245 227 457 486
245 226 484 401
263 245 458 487
263 262 511 458
262 245 485 458
246 228 459 488
246 227 486 459
264 246 460 489
264 263 513 460
263 246 487 460
247 229 461 490
247 228 488 461
265 247 462 490
265 264 515 462
264 247 489 462
248 230 463 492
248 229 491 463
266 248 464 493
266 265 517 464
265 248 491 464
249 231 465 494
249 230 492 465
267 249 466 495
267 248 493 466
250 231 494 675
251 250 467 496
267 251 467 520
267 250 495 467
388 250 496 717
268 251 522 497
252 233 663 498
269 252 469 499
269 268 524 469
268 252 497 469
253 234 470 500
253 233 498 470
254 253 471 500
269 254 471 526
269 253 499 471
254 235 472 501
254 234 500 472
270 254 561 501
270 236 473 474
255 237 502 503
255 236 474 502
271 255 475 504
271 270 532 475
255 238 503 476
272 255 504 477
272 271 534 504
256 239 478 505
256 238 476 478
273 256 479 506
273 272 536 479
272 256 477 479
257 240 480 507
257 239 505 480
274 257 481 508
274 273 538 481
273 257 506 481
258 241 482 509
258 240 507 482
275 258 483 510
275 274 540 483
274 258 508 483
245 244 485 484
246 245 487 486
247 246 489 488
265 229 490 491
249 248 466 492
250 249 495 494
252 251 497 682
253 252 499 498
270 235 501 473
270 255 474 475
256 255 477 476
257 256 506 505
258 257 508 507
259 258 510 509
279 263 511 544
279 262 542 511
297 279 512 545
297 296 572 512
296 279 543 512
280 264 513 546
280 263 544 513
298 280 514 547
297 280 545 514
281 265 515 548
281 264 546 515
299 281 516 549
299 298 575 516
298 281 547 516
282 266 517 550
282 265 548 517
300 282 518 550
300 299 577 518
299 282 549 518
267 266 551 493
301 266 519 552
301 300 579 519
300 266 550 519
283 251 520 553
283 267 551 520
302 283 521 554
302 301 581 521
301 283 552 521
284 268 522 555
284 251 553 522
303 284 523 556
303 302 583 523
302 284 554 523
285 269 524 557
285 268 555 524
304 285 525 558
304 303 585 525
303 285 556 525
286 254 526 559
286 269 557 526
305 286 527 560
305 304 587 527
304 286 558 527
287 254 528 561
306 254 559 528
323 306 529 620
306 305 529 560
288 270 530 532
287 270 561 530
307 287 590 533
324 287 531 590
306 287 528 531
288 271 532 562
307 288 533 563
289 272 534 564
289 271 562 534
308 289 535 565
307 289 563 535
290 273 536 566
290 272 564 536
309 290 537 567
309 308 595 537
308 290 565 537
291 274 538 568
291 273 566 538
310 291 539 569
310 309 597 539
309 291 567 539
292 275 540 570
292 274 568 540
311 292 541 571
311 310 599 541
310 292 569 541
279 278 543 542
280 279 545 544
281 280 547 546
282 281 549 548
283 266 552 551
284 283 554 553
285 284 556 555
286 285 558 557
306 286 560 559
288 287 533 530
289 288 563 562
290 289 565 564
291 290 567 566
292 291 569 568
293 292 571 570
315 297 572 603
315 296 601 572
333 315 573 603
332 315 602 573
298 297 604 514
334 297 574 605
333 297 603 574
316 299 575 606
316 298 604 575
335 316 576 607
334 316 605 576
317 300 577 608
317 299 606 577
336 317 578 609
335 317 607 578
318 301 579 610
318 300 608 579
337 318 580 611
336 318 609 580
319 302 581 612
319 301 610 581
338 319 582 613
337 319 611 582
320 303 583 614
320 302 612 583
339 320 584 615
338 320 613 584
321 304 585 616
321 303 614 585
340 321 586 617
339 321 615 586
322 305 587 618
322 304 616 587
341 322 588 619
340 322 617 588
323 305 618 529
342 323 589 621
341 323 619 589
324 307 590 622
324 306 620 531
343 324 591 623
342 324 621 591
308 307 592 535
325 307 622 592
344 325 593 624
343 325 623 593
325 308 592 624
344 326 625 594
344 308 624 625
326 309 595 626
346 326 596 627
345 326 594 596
327 310 597 628
327 309 626 597
347 327 598 629
346 327 627 598
328 311 599 630
328 310 628 599
348 328 600 631
347 328 629 600
315 314 602 601
316 297 605 604
317 316 607 606
318 317 609 608
319 318 611 610
320 319 613 612
321 320 615 614
322 321 617 616
323 322 619 618
324 323 621 620
325 324 623 622
326 308 625 595
327 326 627 626
328 327 629 628
329 328 631 630
369 148 632 365
369 133 317 318
369 134 318 319
165 133 669 338
370 201 634 636
370 183 635 395
370 202 367 634
370 182 656 635
132 116 642 270
146 116 316 642
371 164 639 640
371 181 654 639
375 371 654 660
382 371 667 664
371 146 641 664
372 146 316 641
147 132 643 272
372 164 640 315
147 146 644 643
372 371 641 640
146 132 642 643
373 99 289 673
373 114 647 289
387 374 679 655
373 115 650 647
374 115 646 650
374 373 650 655
380 127 657 662
375 199 652 392
375 200 658 445
375 181 364 654
377 200 653 637
377 201 636 653
378 375 658 651
377 370 656 636
379 117 659 292
379 116 292 676
117 85 659 649
384 371 660 648
377 182 665 656
381 251 682 681
381 252 663 682
382 146 664 644
382 147 644 633
378 377 668 637
383 377 665 661
384 377 661 668
383 165 666 670
383 182 670 665
384 165 648 666
384 378 668 651
382 165 669 667
371 165 667 648
384 383 666 661
182 165 670 338
385 214 671 691
385 197 672 439
385 215 439 671
386 84 247 271
386 379 271 680
386 374 680 679
250 213 675 717
379 85 674 659
374 116 676 646
379 374 676 680
387 83 677 221
387 386 678 679
387 99 673 677
387 66 163 678
379 84 271 674
398 195 714 703
388 251 681 496
389 162 683 358
389 145 334 685
389 161 312 333
388 213 717 716
390 145 685 313
390 162 686 683
390 389 683 685
390 163 313 388
391 79 688 215
391 110 215 689
391 95 690 239
380 110 687 657
392 110 689 687
392 391 690 689
392 380 687 697
392 95 237 690
393 99 692 645
393 98 268 692
393 114 645 722
394 98 693 268
394 393 268 718
395 145 694 334
395 389 334 332
395 129 684 725
396 109 696 698
394 112 695 266
392 109 698 237
396 392 698 697
396 380 697 707
397 142 699 705
397 157 700 306
397 141 306 701
397 376 701 699
399 142 705 710
376 142 706 699
398 196 703 359
398 385 411 704
376 141 701 638
380 376 706 707
396 376 707 702
396 126 702 696
381 232 709 720
381 214 720 440
388 381 709 681
399 158 710 379
399 157 711 700
399 397 700 705
399 174 350 711
114 113 712 722
401 114 712 719
400 214 691 724
400 213 708 713
400 398 714 704
400 195 713 714
400 385 704 691
401 145 715 694
401 395 694 721
232 213 716 708
388 232 716 709
232 214 724 720
394 113 718 723
394 129 723 695
401 113 721 712
401 130 719 715
393 113 722 718
129 113 723 725
400 232 724 708
395 113 725 721
