493 900
0.000000 0.000000
25.000000 0.000000
50.000000 0.000000
75.000000 0.000000
100.000000 0.000000
125.000000 0.000000
150.000000 0.000000
175.000000 0.000000
200.000000 0.000000
225.000000 0.000000
250.000000 0.000000
275.000000 0.000000
300.000000 0.000000
325.000000 0.000000
350.000000 0.000000
375.000000 0.000000
400.000000 0.000000
425.000000 0.000000
450.000000 0.000000
475.000000 0.000000
500.000000 0.000000
0.000000 25.000000
18.964797 21.348024
41.442189 21.533087
65.655518 22.178936
90.548844 22.868511
115.733466 23.531958
140.934370 23.966723
165.924407 23.872731
190.715262 23.294490
215.476189 22.712604
240.259963 22.561175
264.990713 22.905043
289.637319 23.452405
314.281626 23.830957
339.029056 23.994461
363.972258 24.167144
389.225002 24.503890
414.948082 25.110921
441.653366 26.335245
472.174167 29.605276
500.000000 25.000000
0.000000 47.500000
14.468760 39.518251
32.877908 42.036826
56.155098 43.634828
80.787328 45.037421
106.117252 46.463139
131.800903 47.893869
157.147969 48.502340
181.749248 47.473453
206.141999 45.708856
230.740091 44.711868
255.352961 45.038239
279.694300 46.378881
303.857692 47.599591
328.166260 47.938907
352.754840 48.029103
377.825239 48.474703
403.604821 49.270014
430.205453 50.556038
457.592474 52.739085
480.973264 55.662556
500.000000 47.500000
0.000000 70.000000
20.501178 61.706418
45.735681 64.480445
70.432478 66.542551
95.815578 68.537134
122.018376 70.910734
148.854936 73.989199
173.624688 73.818946
196.941649 69.644304
221.229865 66.417486
245.979810 65.833913
270.453196 67.839387
293.874418 71.438961
317.493019 72.557094
341.582431 71.621256
365.955022 71.976830
391.440553 72.899976
417.985266 74.073628
445.448944 75.806814
475.099614 78.468369
500.000000 70.000000
0.000000 92.500000
15.396600 83.114436
35.029503 85.295032
59.418381 87.667258
84.683608 89.898778
110.855522 92.371042
138.667182 96.210966
187.183493 96.705921
211.720888 87.741878
235.854938 84.864868
262.247995 86.132328
285.569972 92.214429
306.178828 102.044340
331.299459 94.698740
353.827499 94.525371
378.301316 96.308781
404.973206 97.294288
432.239634 98.613490
459.571613 100.389653
482.111033 102.180232
500.000000 92.500000
0.000000 115.000000
21.452356 106.070745
47.672952 108.731015
72.956418 111.056119
98.623967 113.219267
125.325327 115.450218
155.078313 117.946095
169.871307 106.599134
198.060856 111.954519
222.731240 111.240361
247.559579 111.877294
273.091784 114.283991
298.554562 116.878684
325.439907 115.574545
343.276130 111.868840
362.552470 120.676100
391.061448 120.478180
418.813276 121.389891
446.647058 122.725425
475.884071 124.542947
500.000000 115.000000
0.000000 137.500000
15.920660 127.901542
36.146253 129.953202
61.034069 132.343885
86.305043 134.476923
111.617929 136.063118
137.109370 136.891302
163.950635 134.894089
186.725123 134.237150
210.133722 135.202951
233.058649 135.801197
258.374470 138.941726
286.245818 139.660152
314.802330 137.495050
343.262245 133.868637
351.336598 144.651046
376.804246 143.030299
404.927482 144.167786
433.034222 145.058354
460.341822 146.357003
482.517998 147.647738
500.000000 137.500000
0.000000 160.000000
22.003698 150.983726
48.791454 153.688271
74.329552 156.157894
99.266414 158.021539
123.076849 158.319747
156.792686 160.901388
178.127107 152.789522
200.207566 163.982880
220.020121 154.002148
239.534791 163.543618
270.758617 168.485089
301.895523 161.877133
333.417495 157.111494
360.968757 160.539482
389.981643 167.667913
419.875092 167.380151
447.605463 168.328120
476.365098 169.838373
500.000000 160.000000
0.000000 182.500000
16.260145 172.868598
36.903345 174.974396
62.325908 177.716476
88.249239 180.700317
112.017463 182.411344
142.021915 187.013626
170.303157 186.469300
182.959613 169.932157
217.166925 171.480567
228.212811 187.513480
249.153749 188.581888
288.703694 187.649036
317.447113 180.862313
344.211354 180.486818
369.789342 179.657760
388.612989 189.810257
408.899271 189.088105
434.809750 189.968714
461.212753 191.364612
482.880889 192.670335
500.000000 182.500000
0.000000 205.000000
22.389762 195.884850
49.640304 198.704442
76.031769 202.073553
105.518734 207.821130
123.456372 207.125791
144.689481 210.420114
163.816676 203.447723
199.623461 193.218681
234.282545 203.815623
250.730202 208.991051
271.404304 199.142775
306.623947 196.374490
329.832017 201.674803
353.814579 203.074800
376.756454 203.853630
397.642180 208.783056
422.482256 210.916843
448.792455 212.732712
476.828850 214.648268
500.000000 205.000000
0.000000 227.500000
16.517606 217.648060
37.396846 219.498593
62.779957 222.078983
87.665315 225.420130
103.160053 226.732573
133.329555 228.355986
160.821903 226.157470
183.960143 226.201945
215.721008 226.175894
237.055583 226.229241
261.755002 227.185800
289.133843 219.115621
317.860750 223.359408
339.035424 225.890639
363.263761 226.884765
379.996728 227.790385
409.111407 231.238050
435.647779 233.688847
461.781605 235.807657
483.139058 237.461818
500.000000 227.500000
0.000000 250.000000
22.794272 240.357046
50.243443 242.318595
75.685034 244.459026
102.807382 249.355749
121.315648 249.905785
146.532426 249.794179
161.195001 250.790357
202.627399 257.490714
277.543861 246.278096
301.367689 249.780198
319.439836 250.379093
350.002219 249.970545
379.977552 250.728247
396.379217 251.772117
422.526965 254.475942
449.200361 256.960568
477.087273 259.352835
500.000000 250.000000
0.000000 272.500000
16.959556 262.213909
38.429164 263.320651
64.356742 264.197925
86.242641 263.383273
105.470272 273.142246
136.592918 272.053876
165.938249 271.501498
200.863031 284.267982
285.329089 276.807975
316.808789 276.474463
337.153354 273.530974
361.143240 272.409109
377.842269 271.207875
408.823423 275.191529
436.005464 278.003312
462.158779 280.433770
483.334612 282.305477
500.000000 272.500000
0.000000 295.000000
23.567431 284.892143
52.638387 285.944882
82.885425 285.761696
110.218364 292.718000
127.441766 293.497675
152.857645 294.481419
182.589827 298.751235
208.351276 302.077654
243.126139 299.792109
271.177486 315.093888
303.990327 301.426898
326.080570 296.753411
349.444559 295.198723
372.438863 293.817896
396.761787 296.471033
423.426995 299.217577
449.899496 301.739091
477.428116 304.240506
500.000000 295.000000
0.000000 317.500000
17.390767 307.116365
39.544951 308.149497
67.034051 309.347647
94.227451 311.597957
118.716317 314.053855
140.793818 314.535953
163.787668 316.547178
185.511385 318.538579
221.441264 306.819575
246.823869 326.285579
285.390272 306.873405
311.875519 316.393521
337.209551 317.495370
362.640597 317.185068
386.409832 318.608930
411.628277 320.780629
437.443178 323.117737
462.934880 325.420183
483.669597 327.284379
500.000000 317.500000
0.000000 340.000000
23.838189 330.040202
52.793823 331.555571
80.107110 333.075673
106.399934 334.630086
131.525828 336.338062
150.432108 332.296205
170.539299 340.677845
202.287770 334.637737
229.384244 344.568855
250.214718 353.559319
265.465484 337.882835
294.626662 335.977049
323.954562 339.834587
349.260186 339.606437
374.846027 340.800416
400.140352 342.596088
425.583845 344.669174
451.183110 346.877287
477.984719 349.260852
500.000000 340.000000
0.000000 362.500000
17.500592 352.327093
39.634530 353.632466
66.600769 355.086790
93.584567 356.234070
120.238139 356.479124
145.512680 353.380715
159.062792 366.415976
187.179041 362.926670
213.606781 366.853714
239.913739 374.387419
263.306570 369.553697
286.314368 364.790998
318.208274 370.969892
332.546292 358.564955
362.181234 362.398110
388.439814 364.404888
413.928413 366.308213
439.174745 368.331440
463.974406 370.462224
484.129895 372.281077
500.000000 362.500000
0.000000 385.000000
24.029900 375.462467
53.043436 377.321482
80.441482 378.699003
107.721557 379.430282
136.686109 378.858594
157.497324 387.257435
177.779154 379.529898
199.797674 389.443920
223.077714 395.157064
261.049456 394.953359
276.881544 391.748184
299.397470 382.614261
326.550489 385.059965
350.987689 384.700912
377.003126 386.307969
402.533075 388.013792
427.692264 389.829411
452.682199 391.839424
478.689816 394.181988
500.000000 385.000000
0.000000 407.500000
17.810187 397.826205
40.220993 399.629243
67.334307 401.416861
94.367014 402.700704
121.015712 403.605154
145.758177 405.436193
168.202688 406.042714
189.749976 406.524269
208.613409 407.878243
238.756493 396.065731
295.908667 405.391799
316.837607 406.111411
341.323955 407.397017
366.317139 408.474511
391.553718 409.851150
416.574833 411.376609
441.255739 413.103763
465.303857 415.126105
484.737545 417.064573
500.000000 407.500000
0.000000 430.000000
24.800325 421.539043
54.308844 424.208257
81.626395 425.939711
108.066399 427.108348
133.499624 428.090181
157.652159 428.755569
180.782848 428.746099
203.326281 427.499465
227.116565 420.763216
253.334594 421.184704
279.795513 419.596148
306.630858 426.888234
331.212825 429.315731
356.034929 430.717047
380.994828 431.869441
405.894329 433.060850
430.515930 434.397785
454.763156 436.051652
479.693924 438.514689
500.000000 430.000000
0.000000 452.500000
18.975417 444.340880
42.287210 447.268352
69.584982 449.455019
96.099206 450.746017
121.794089 451.563069
146.715666 452.065423
170.958370 452.144288
194.811217 451.501956
218.886187 449.576097
243.822712 447.976628
269.467382 447.750894
295.296154 449.254303
320.733712 451.658571
345.714172 453.120294
370.643908 454.122957
395.521764 454.987606
420.202214 455.880417
444.403747 456.912196
467.405202 458.254939
485.647680 460.605514
500.000000 452.500000
0.000000 475.000000
27.789576 470.396977
58.264393 473.669594
84.924754 474.896955
110.600491 475.510232
135.785970 475.853526
160.607120 475.979488
185.184480 475.809798
209.731822 475.228769
234.510348 474.480800
259.622250 474.100229
284.933573 474.391020
310.215879 475.239470
335.331791 476.132156
360.326655 476.773993
385.269536 477.267978
410.124360 477.722809
434.752304 478.200523
458.783422 478.687604
481.139366 478.757999
500.000000 475.000000
0.000000 500.000000
25.000000 500.000000
50.000000 500.000000
75.000000 500.000000
100.000000 500.000000
125.000000 500.000000
150.000000 500.000000
175.000000 500.000000
200.000000 500.000000
225.000000 500.000000
250.000000 500.000000
275.000000 500.000000
300.000000 500.000000
325.000000 500.000000
350.000000 500.000000
375.000000 500.000000
400.000000 500.000000
425.000000 500.000000
450.000000 500.000000
475.000000 500.000000
500.000000 500.000000
269.693699 293.144588
265.974332 276.560170
247.063605 281.385211
236.821510 250.168327
246.915449 267.939575
260.397852 243.212711
230.980544 269.205458
220.134629 294.139486
225.557586 281.672472
263.186092 259.886441
2 1 23
23 1 22
443 442 464
464 442 463
3 2 24
24 2 23
444 443 465
465 443 464
4 3 25
25 3 24
445 444 466
466 444 465
5 4 26
26 4 25
446 445 467
467 445 466
6 5 27
27 5 26
447 446 468
468 446 467
7 6 28
28 6 27
448 447 469
469 447 468
8 7 29
29 7 28
449 448 470
470 448 469
9 8 30
30 8 29
450 449 471
471 449 470
10 9 31
31 9 30
451 450 472
472 450 471
11 10 32
32 10 31
452 451 473
473 451 472
12 11 33
33 11 32
453 452 474
474 452 473
13 12 34
34 12 33
454 453 475
475 453 474
14 13 35
35 13 34
455 454 476
476 454 475
15 14 36
36 14 35
456 455 477
477 455 476
16 15 37
37 15 36
457 456 478
478 456 477
17 16 38
38 16 37
458 457 479
479 457 478
18 17 39
39 17 38
459 458 480
480 458 479
19 18 40
40 18 39
460 459 481
481 459 480
20 19 41
41 19 40
461 460 482
482 460 481
21 20 42
42 20 41
462 461 483
483 461 482
23 22 44
44 22 43
42 41 64
64 41 63
44 43 66
66 43 65
64 63 85
85 63 84
66 65 87
87 65 86
85 84 106
106 84 105
87 86 108
108 86 107
106 105 127
127 105 126
108 107 129
129 107 128
127 126 149
149 126 148
129 128 151
151 128 150
149 148 169
169 148 168
151 150 171
171 150 170
169 168 191
191 168 190
171 170 193
193 170 192
191 190 212
212 190 211
193 192 214
214 192 213
212 211 234
234 211 233
214 213 236
236 213 235
234 233 253
253 233 252
236 235 255
255 235 254
253 252 272
272 252 271
255 254 274
274 254 273
272 271 292
292 271 291
274 273 294
294 273 293
292 291 313
313 291 312
294 293 315
315 293 314
313 312 334
334 312 333
315 314 336
336 314 335
334 333 356
356 333 355
336 335 358
358 335 357
356 355 377
377 355 376
358 357 379
379 357 378
377 376 398
398 376 397
379 378 400
400 378 399
398 397 419
419 397 418
400 399 421
421 399 420
419 418 441
441 418 440
421 420 443
443 420 442
441 440 462
462 440 461
24 23 45
67 45 66
25 24 46
68 46 67
26 25 47
69 47 68
27 26 48
70 48 69
28 27 49
71 49 70
29 28 50
72 50 71
30 29 51
73 51 72
31 30 52
74 52 73
32 31 53
75 53 74
33 32 54
76 54 75
34 33 55
77 55 76
35 34 56
78 56 77
36 35 57
79 57 78
37 36 58
80 58 79
38 37 59
81 59 80
39 38 60
82 60 81
40 39 61
83 61 82
41 40 62
84 62 83
45 23 44
45 44 66
46 24 45
46 45 67
47 25 46
47 46 68
48 26 47
48 47 69
49 27 48
49 48 70
50 28 49
50 49 71
51 29 50
51 50 72
52 30 51
52 51 73
53 31 52
53 52 74
54 32 53
54 53 75
55 33 54
55 54 76
56 34 55
56 55 77
57 35 56
57 56 78
58 36 57
58 57 79
59 37 58
59 58 80
60 38 59
60 59 81
61 39 60
61 60 82
62 40 61
62 61 83
63 41 62
63 62 84
67 66 88
109 88 108
68 67 89
110 89 109
69 68 90
111 90 110
70 69 91
112 91 111
71 70 92
113 92 112
72 71 114
73 72 93
115 93 114
74 73 94
116 94 115
75 74 95
117 95 116
76 75 96
118 96 117
77 76 97
119 97 118
78 77 98
120 98 119
79 78 99
121 99 120
80 79 100
122 100 121
81 80 101
123 101 122
82 81 102
124 102 123
83 82 103
125 103 124
84 83 104
126 104 125
88 66 87
88 87 108
89 67 88
89 88 109
90 68 89
90 89 110
91 69 90
91 90 111
92 70 91
92 91 112
114 71 92
114 92 113
93 72 114
94 73 93
94 93 115
95 74 94
95 94 116
96 75 95
96 95 117
97 76 96
97 96 118
98 77 97
98 97 119
99 78 98
99 98 120
100 79 99
100 99 121
101 80 100
101 100 122
102 81 101
102 101 123
103 82 102
103 102 124
104 83 103
104 103 125
105 84 104
105 104 126
109 108 130
152 130 151
110 109 131
153 131 152
111 110 132
154 132 153
112 111 133
155 133 154
113 112 134
156 134 155
114 113 135
157 135 156
115 114 136
158 136 157
116 115 137
159 137 158
117 116 138
160 138 159
118 117 139
161 139 160
119 118 140
162 140 161
120 119 141
163 141 162
121 120 142
143 163 164
142 122 121
123 122 144
165 144 164
124 123 145
166 145 165
125 124 146
167 146 166
126 125 147
168 147 167
130 108 129
130 129 151
131 109 130
131 130 152
132 110 131
132 131 153
133 111 132
133 132 154
134 112 133
134 133 155
135 113 134
135 134 156
136 114 135
136 135 157
137 115 136
137 136 158
138 116 137
138 137 159
139 117 138
139 138 160
140 118 139
140 139 161
141 119 140
141 140 162
142 120 141
142 141 163
122 142 143
163 143 142
144 122 143
164 144 143
145 123 144
145 144 165
146 124 145
146 145 166
147 125 146
147 146 167
148 126 147
148 147 168
152 151 172
194 172 193
153 152 173
195 173 194
154 153 174
196 174 195
155 154 175
197 175 196
156 155 176
198 176 197
178 156 177
176 199 177
158 157 178
177 200 178
159 158 179
180 200 201
179 160 159
181 201 202
161 160 181
203 181 202
162 161 182
225 182 203
163 162 183
205 183 204
164 163 184
206 184 205
207 185 206
185 165 164
208 186 207
166 165 187
209 187 208
167 166 188
210 188 209
168 167 189
211 189 210
172 151 171
172 171 193
173 152 172
173 172 194
174 153 173
174 173 195
175 154 174
175 174 196
176 155 175
176 175 197
177 156 176
199 176 198
156 178 157
200 177 199
200 158 178
158 200 179
160 179 180
200 180 179
181 160 180
201 181 180
203 161 181
161 203 182
183 162 182
183 182 204
184 163 183
184 183 205
164 184 185
185 184 206
165 185 186
186 185 207
187 165 186
187 186 208
188 166 187
188 187 209
189 167 188
189 188 210
190 168 189
190 189 211
194 193 215
237 215 236
195 194 216
238 216 237
196 195 217
239 217 238
197 196 218
240 218 239
198 197 219
241 219 240
199 198 220
242 220 241
200 199 221
243 221 242
201 200 222
202 201 223
203 202 224
489 244 224
182 225 204
245 225 244
205 204 226
246 226 245
206 205 227
247 227 246
207 206 228
248 228 247
208 207 229
249 229 248
209 208 230
250 230 249
210 209 231
251 231 250
211 210 232
252 232 251
215 193 214
215 214 236
216 194 215
216 215 237
217 195 216
217 216 238
218 196 217
218 217 239
219 197 218
219 218 240
220 198 219
220 219 241
221 199 220
221 220 242
222 200 221
222 221 243
223 201 222
224 202 223
225 203 224
225 224 244
226 204 225
226 225 245
227 205 226
227 226 246
228 206 227
228 227 247
229 207 228
229 228 248
230 208 229
230 229 249
231 209 230
231 230 250
232 210 231
232 231 251
233 211 232
233 232 252
237 236 256
275 256 274
238 237 257
276 257 275
239 238 258
259 276 277
240 239 259
278 259 277
241 240 260
279 260 278
242 241 261
280 261 279
261 243 242
281 262 280
245 244 263
246 245 264
285 264 284
247 246 265
286 265 285
248 247 266
287 266 286
249 248 267
288 267 287
250 249 268
289 268 288
251 250 269
290 269 289
252 251 270
291 270 290
256 236 255
256 255 274
257 237 256
257 256 275
258 238 257
258 257 276
259 239 258
276 259 258
260 240 259
260 259 278
261 241 260
261 260 279
243 261 262
262 261 280
493 263 244
264 245 263
264 263 284
265 246 264
265 264 285
266 247 265
266 265 286
267 248 266
267 266 287
268 249 267
268 267 288
269 250 268
269 268 289
270 251 269
270 269 290
271 252 270
271 270 291
275 274 295
316 295 315
276 275 296
317 296 316
277 276 297
318 297 317
278 277 298
319 298 318
279 278 299
320 299 319
280 279 300
321 300 320
281 280 301
322 301 321
323 302 322
324 303 323
263 304 284
283 326 304
285 284 305
327 305 326
286 285 306
328 306 327
287 286 307
329 307 328
288 287 308
330 308 329
289 288 309
331 309 330
290 289 310
332 310 331
291 290 311
333 311 332
295 274 294
295 294 315
296 275 295
296 295 316
297 276 296
297 296 317
298 277 297
298 297 318
299 278 298
299 298 319
300 279 299
300 299 320
301 280 300
301 300 321
322 281 301
281 322 302
303 302 323
325 303 324
305 284 304
305 304 326
306 285 305
306 305 327
307 286 306
307 306 328
308 287 307
308 307 329
309 288 308
309 308 330
310 289 309
310 309 331
311 290 310
311 310 332
312 291 311
312 311 333
316 315 337
359 337 358
317 316 338
360 338 359
318 317 339
361 339 360
319 318 340
362 340 361
320 319 341
342 362 363
341 321 320
364 342 363
322 321 343
365 343 364
323 322 344
366 344 365
324 323 345
388 345 366
325 324 346
326 325 347
369 347 368
327 326 348
370 348 369
328 327 349
371 349 370
329 328 350
372 350 371
330 329 351
373 351 372
331 330 352
374 352 373
332 331 353
375 353 374
333 332 354
376 354 375
337 315 336
337 336 358
338 316 337
338 337 359
339 317 338
339 338 360
340 318 339
340 339 361
341 319 340
341 340 362
321 341 342
362 342 341
343 321 342
343 342 364
344 322 343
344 343 365
345 323 344
345 344 366
346 324 345
346 345 367
347 325 346
347 346 368
348 326 347
348 347 369
349 327 348
349 348 370
350 328 349
350 349 371
351 329 350
351 350 372
352 330 351
352 351 373
353 331 352
353 352 374
354 332 353
354 353 375
355 333 354
355 354 376
359 358 380
401 380 400
360 359 381
402 381 401
361 360 382
403 382 402
362 361 383
404 383 403
363 362 384
405 384 404
364 363 385
406 385 405
365 364 386
407 386 406
366 365 387
408 387 407
345 388 367
409 388 408
346 367 368
410 367 409
369 368 389
411 389 410
370 369 390
412 390 411
371 370 391
413 391 412
372 371 392
414 392 413
373 372 393
415 393 414
374 373 394
416 394 415
375 374 395
417 395 416
376 375 396
418 396 417
380 358 379
380 379 400
381 359 380
381 380 401
382 360 381
382 381 402
383 361 382
383 382 403
384 362 383
384 383 404
385 363 384
385 384 405
386 364 385
386 385 406
387 365 386
387 386 407
408 366 387
366 408 388
409 367 388
410 368 367
368 410 389
390 369 389
390 389 411
391 370 390
391 390 412
392 371 391
392 391 413
393 372 392
393 392 414
394 373 393
394 393 415
395 374 394
395 394 416
396 375 395
396 395 417
397 376 396
397 396 418
401 400 422
444 422 443
402 401 423
445 423 444
403 402 424
446 424 445
404 403 425
447 425 446
405 404 426
448 426 447
406 405 427
449 427 448
407 406 428
450 428 449
408 407 429
451 429 450
409 408 430
452 430 451
410 409 431
453 431 452
411 410 432
454 432 453
412 411 433
455 433 454
413 412 434
456 434 455
414 413 435
457 435 456
415 414 436
458 436 457
416 415 437
459 437 458
417 416 438
460 438 459
418 417 439
461 439 460
422 400 421
422 421 443
423 401 422
423 422 444
424 402 423
424 423 445
425 403 424
425 424 446
426 404 425
426 425 447
427 405 426
427 426 448
428 406 427
428 427 449
429 407 428
429 428 450
430 408 429
430 429 451
431 409 430
431 430 452
432 410 431
432 431 453
433 411 432
433 432 454
434 412 433
434 433 455
435 413 434
435 434 456
436 414 435
436 435 457
437 415 436
437 436 458
438 416 437
438 437 459
439 417 438
439 438 460
440 418 439
440 439 461
325 326 283
283 282 303
302 303 282
303 325 283
243 487 222
489 223 487
493 487 488
222 487 223
484 486 282
492 282 486
493 244 489
223 489 224
492 243 262
487 243 490
304 263 484
488 486 485
490 243 492
491 282 492
484 263 485
302 282 491
484 282 283
263 493 485
487 493 489
488 487 490
493 488 485
262 491 492
281 302 491
304 484 283
262 281 491
486 490 492
486 484 485
486 488 490
0.011161
0.011161
0.011161
0.011161
0.011161
0.011161
0.011161
0.011161
0.011161
0.011161
0.011161
0.011161
0.011161
0.011161
0.011161
0.011161
0.011161
0.011161
0.011161
0.011161
0.011161
0.011161
0.011161
0.011161
0.011161
0.011161
0.011161
0.011161
0.011161
0.011161
0.011161
0.011161
0.011161
0.011161
0.011161
0.011161
0.011161
0.011161
0.011161
0.011161
0.011161
0.011161
0.011161
0.011161
0.011161
0.011161
0.011161
0.011161
0.011161
0.011161
0.011161
0.011161
0.011161
0.011161
0.011161
0.011161
0.011161
0.011161
0.011161
0.011161
0.011161
0.011161
0.011161
0.011161
0.011161
0.011161
0.011161
0.011161
0.011161
0.011161
0.011161
0.011161
0.011161
0.011161
0.011161
0.011161
0.011161
0.011161
0.011161
0.011161
0.011161
0.011161
0.011161
0.011161
0.011161
0.011161
0.011161
0.011161
0.011161
0.011161
0.011161
0.011161
0.011161
0.011161
0.011161
0.011161
0.011161
0.011161
0.011161
0.011161
0.011161
0.011161
0.011161
0.011161
0.011161
0.011161
0.011161
0.011161
0.011161
0.011161
0.011161
0.011161
0.011161
0.011161
0.011161
0.011161
0.011161
0.011161
0.011161
0.011161
0.011161
0.011161
0.011161
0.011161
0.011161
0.011161
0.011161
0.011161
0.011161
0.011161
0.011161
0.011161
0.011161
0.011161
0.011161
0.011161
0.011161
0.011161
0.011161
0.011161
0.011161
0.011161
0.011161
0.011161
0.011161
0.011161
0.011161
0.011161
0.011161
0.011161
0.011161
0.011161
0.011161
0.011161
0.011161
0.011161
0.011161
0.011161
0.011161
0.011161
0.011161
0.011161
0.011161
0.011161
0.011161
0.011161
0.011161
0.011161
0.011161
0.011161
0.011161
0.011161
0.011161
0.011161
0.011161
0.011161
0.011161
0.011161
0.011161
0.011161
0.011161
0.011161
0.011161
0.011161
0.011161
0.011161
0.011161
0.011161
0.011161
0.011161
0.011161
0.011161
0.011161
0.011161
0.011161
0.011161
0.011161
0.011161
0.011161
0.011161
0.011161
0.011161
0.011161
0.011161
0.011161
0.011161
0.011161
0.011161
0.011161
0.011161
0.011161
0.011161
0.011161
0.011161
0.011161
0.011161
0.011161
0.011161
0.011161
0.011161
0.011161
0.011161
0.011161
0.011161
0.011161
0.011161
0.011161
0.011161
0.011161
0.011161
0.011161
0.011161
0.011161
0.011161
0.011161
0.011161
0.011161
0.011161
0.011161
0.011161
0.011161
0.011161
0.011161
0.011161
0.011161
0.011161
0.663226
0.011161
0.663226
0.011161
0.663226
0.011161
0.663226
0.011161
0.663226
0.011161
0.663226
0.011161
0.011161
0.011161
0.011161
0.011161
0.011161
0.011161
0.011161
0.011161
0.011161
0.011161
0.011161
0.011161
0.011161
0.011161
0.011161
0.011161
0.011161
0.011161
0.011161
0.011161
0.011161
0.011161
0.011161
0.011161
0.011161
0.663226
0.011161
0.663226
0.011161
0.663226
0.011161
0.663226
0.011161
0.663226
0.011161
0.011161
0.011161
0.011161
0.011161
0.011161
0.011161
0.011161
0.011161
0.011161
0.011161
0.011161
0.011161
0.011161
0.011161
0.011161
0.011161
0.011161
0.011161
0.011161
0.011161
0.011161
0.011161
0.663226
0.663226
0.663226
0.663226
0.663226
0.663226
0.663226
0.663226
0.663226
0.663226
0.663226
0.663226
0.663226
0.663226
0.663226
0.011161
0.663226
0.011161
0.011161
0.011161
0.011161
0.011161
0.011161
0.011161
0.011161
0.011161
0.011161
0.011161
0.011161
0.011161
0.011161
0.011161
0.011161
0.011161
0.011161
0.011161
0.663226
0.663226
0.663226
0.663226
0.663226
0.663226
0.663226
0.663226
0.663226
0.663226
0.663226
0.663226
0.663226
0.663226
0.663226
0.663226
0.011161
0.663226
0.011161
0.011161
0.011161
0.011161
0.011161
0.011161
0.011161
0.011161
0.011161
0.011161
0.011161
0.011161
0.011161
0.011161
0.011161
0.011161
0.011161
0.663226
0.663226
0.663226
0.663226
0.663226
0.663226
0.011161
0.663226
0.011161
0.663226
0.663226
0.663226
0.663226
0.663226
0.011161
0.663226
0.663226
0.663226
0.663226
0.663226
0.011161
0.011161
0.011161
0.011161
0.011161
0.011161
0.011161
0.011161
0.011161
0.011161
0.011161
0.011161
0.011161
0.011161
0.011161
0.011161
0.663226
0.663226
0.663226
0.663226
0.663226
0.011161
0.011161
0.011161
0.663226
0.011161
0.663226
0.663226
0.663226
0.663226
0.663226
0.663226
0.663226
0.663226
0.663226
0.663226
0.011161
0.011161
0.011161
0.011161
0.011161
0.011161
0.011161
0.011161
0.011161
0.011161
0.011161
0.011161
0.011161
0.011161
0.011161
0.011161
0.663226
0.663226
0.663226
0.663226
0.663226
0.663226
0.011161
0.011161
0.011161
0.663226
0.663226
0.011161
0.011161
0.011161
0.663226
0.011161
0.663226
0.663226
0.663226
0.663226
0.011161
0.011161
0.011161
0.011161
0.011161
0.011161
0.011161
0.011161
0.011161
0.011161
0.011161
0.011161
0.011161
0.011161
0.011161
0.011161
0.663226
0.663226
0.663226
0.663226
0.011161
0.011161
0.011161
0.011161
0.011161
0.663226
0.011161
0.011161
0.011161
0.011161
0.663226
0.663226
0.663226
0.663226
0.663226
0.663226
0.011161
0.011161
0.011161
0.011161
0.011161
0.011161
0.011161
0.011161
0.011161
0.011161
0.011161
0.011161
0.011161
0.011161
0.663226
0.663226
0.663226
0.663226
0.663226
0.663226
0.011161
0.011161
0.011161
0.011161
0.663226
0.663226
0.663226
0.663226
0.663226
0.011161
0.011161
0.011161
0.011161
0.011161
0.011161
0.011161
0.011161
0.011161
0.011161
0.011161
0.011161
0.011161
0.011161
0.011161
0.011161
0.663226
0.663226
0.663226
0.663226
0.011161
0.011161
0.011161
0.011161
0.011161
0.663226
0.663226
0.663226
0.663226
0.663226
0.663226
0.011161
0.011161
0.011161
0.011161
0.011161
0.011161
0.011161
0.011161
0.011161
0.011161
0.011161
0.011161
0.011161
0.011161
0.663226
0.011161
0.663226
0.663226
0.663226
0.663226
0.663226
0.663226
0.663226
0.738981
0.011161
0.663226
0.663226
0.663226
0.663226
0.663226
0.663226
0.011161
0.011161
0.011161
0.011161
0.011161
0.011161
0.011161
0.011161
0.011161
0.011161
0.011161
0.011161
0.011161
0.011161
0.011161
0.011161
0.011161
0.663226
0.663226
0.663226
0.663226
0.663226
0.663226
0.663226
0.663226
0.738981
0.738981
0.663226
0.663226
0.663226
0.663226
0.663226
0.663226
0.011161
0.011161
0.011161
0.011161
0.011161
0.011161
0.011161
0.011161
0.011161
0.011161
0.011161
0.011161
0.011161
0.011161
0.011161
0.011161
0.011161
0.011161
0.663226
0.011161
0.663226
0.011161
0.663226
0.663226
0.663226
0.663226
0.663226
0.663226
0.663226
0.663226
0.663226
0.663226
0.011161
0.663226
0.011161
0.011161
0.011161
0.011161
0.011161
0.011161
0.011161
0.011161
0.011161
0.011161
0.011161
0.011161
0.011161
0.011161
0.011161
0.011161
0.011161
0.011161
0.011161
0.011161
0.011161
0.663226
0.011161
0.663226
0.663226
0.663226
0.663226
0.663226
0.663226
0.663226
0.663226
0.663226
0.663226
0.663226
0.663226
0.663226
0.011161
0.011161
0.011161
0.011161
0.011161
0.011161
0.011161
0.011161
0.011161
0.011161
0.011161
0.011161
0.011161
0.011161
0.011161
0.011161
0.011161
0.011161
0.011161
0.011161
0.011161
0.011161
0.011161
0.011161
0.011161
0.011161
0.011161
0.011161
0.011161
0.663226
0.011161
0.663226
0.011161
0.011161
0.011161
0.011161
0.011161
0.011161
0.011161
0.011161
0.011161
0.011161
0.011161
0.011161
0.011161
0.011161
0.011161
0.011161
0.011161
0.011161
0.011161
0.011161
0.011161
0.011161
0.011161
0.011161
0.011161
0.011161
0.011161
0.011161
0.011161
0.011161
0.011161
0.011161
0.011161
0.011161
0.011161
0.011161
0.011161
0.011161
0.011161
0.011161
0.011161
0.011161
0.011161
0.011161
0.011161
0.011161
0.011161
0.011161
0.011161
0.011161
0.011161
0.011161
0.011161
0.011161
0.011161
0.011161
0.011161
0.011161
0.011161
0.011161
0.011161
0.011161
0.011161
0.011161
0.011161
0.011161
0.011161
0.011161
0.011161
0.011161
0.011161
0.011161
0.011161
0.011161
0.011161
0.011161
0.011161
0.011161
0.011161
0.011161
0.011161
0.011161
0.011161
0.011161
0.011161
0.011161
0.011161
0.011161
0.011161
0.011161
0.011161
0.011161
0.011161
0.011161
0.011161
0.011161
0.011161
0.011161
0.011161
0.011161
0.011161
0.011161
0.011161
0.011161
0.011161
0.011161
0.011161
0.011161
0.011161
0.011161
0.011161
0.011161
0.011161
0.011161
0.011161
0.011161
0.011161
0.011161
0.011161
0.011161
0.011161
0.011161
0.011161
0.011161
0.011161
0.011161
0.011161
0.011161
0.663226
0.738981
0.738981
0.738981
0.011161
0.663226
0.663226
0.011161
0.738981
0.738981
0.011161
0.663226
0.011161
0.011161
0.011161
0.738981
0.011161
0.738981
0.011161
0.738981
0.738981
0.011161
0.663226
0.663226
0.663226
0.011161
0.663226
0.663226
0.011161
0.738981
0.738981
0.738981
