166 284
0.000000 0.000000
45.454545 0.000000
90.898990 0.000000
136.343434 0.000000
181.787879 0.000000
227.232323 0.000000
272.676768 0.000000
318.121212 0.000000
363.565657 0.000000
409.010101 0.000000
454.454545 0.000000
499.909091 0.000000
0.000000 45.454545
35.696155 39.242457
78.201338 41.877922
125.385185 47.778456
171.148301 48.532257
213.506786 44.460586
255.833129 43.507404
298.479909 42.031556
342.289592 43.101119
390.611997 47.859060
448.003814 54.041217
499.909091 45.454545
0.000000 86.354545
27.820889 71.398802
62.746852 76.759654
109.078324 87.527698
166.668579 108.754985
203.205184 90.205391
241.836248 84.519831
281.269702 90.032138
320.699368 75.545370
362.282211 93.163487
418.553495 96.838544
463.608146 101.773089
499.909091 86.354545
0.000000 127.254545
40.709234 109.218881
85.061160 111.357458
136.465166 138.682675
183.060584 137.627431
228.080126 126.884836
272.360804 120.883198
319.191529 109.393475
349.498438 139.583358
395.173342 139.811362
451.697554 144.368349
499.909091 127.254545
0.000000 168.154545
33.043509 146.817936
76.370224 144.645432
182.113560 168.012452
209.498732 164.889621
258.521007 163.184540
305.268331 151.285531
337.975789 188.726617
369.880875 176.025484
419.178021 188.878651
465.615325 187.856196
499.909091 168.154545
0.000000 209.054545
48.175849 184.840855
129.346516 224.763468
160.507818 208.498708
231.524938 191.084857
294.064229 185.942974
320.230560 218.713865
380.201736 214.085533
414.321533 231.176752
457.430707 228.821459
499.909091 209.054545
0.000000 249.954545
36.026559 227.046623
77.005527 221.194771
103.402869 252.260926
163.344669 270.225645
200.802735 263.009589
313.154633 297.768624
346.687184 235.450003
381.873479 257.955511
432.983219 266.145468
470.189300 268.688321
499.909091 249.954545
0.000000 290.854545
54.969135 270.194322
108.619293 287.020437
151.888871 314.555694
220.702710 295.345543
273.936037 304.596621
373.009851 298.396240
413.405662 302.572201
460.782544 307.676308
499.909091 290.854545
0.000000 331.754545
36.088706 313.897247
78.632108 319.327000
124.569195 325.698709
175.231449 341.814714
204.075058 350.228361
241.562613 356.670157
303.468172 338.493110
353.213084 337.384906
394.830571 340.434229
437.061870 344.860588
472.142951 348.893990
499.909091 331.754545
0.000000 372.654545
46.859033 357.353484
100.709686 361.794050
150.222544 359.024284
180.624685 381.714850
288.669245 388.745058
323.390847 369.151958
374.178107 377.349489
418.227838 382.094596
463.133753 387.555636
499.909091 372.654545
0.000000 413.554545
35.023774 398.580330
77.588652 403.459428
126.411819 405.894900
170.793296 407.386301
215.532283 394.895346
255.234218 396.629749
319.458559 414.387027
356.101624 415.649282
399.407080 419.443228
440.912774 423.008726
473.902449 427.887081
499.909091 413.554545
0.000000 454.454545
50.688466 445.874639
105.870310 451.250234
153.310210 452.448452
198.668566 450.337549
243.362062 447.476544
290.833108 443.181778
338.327553 455.231931
381.927684 458.390332
425.223644 460.250729
465.709004 460.897155
499.909091 454.454545
0.000000 499.909091
45.454545 499.909091
90.898990 499.909091
136.343434 499.909091
181.787879 499.909091
227.232323 499.909091
272.676768 499.909091
318.121212 499.909091
363.565657 499.909091
409.010101 499.909091
454.454545 499.909091
499.909091 499.909091
263.566684 270.076648
232.473087 264.747249
268.852096 201.321968
104.656276 215.840512
238.442028 235.690015
268.445187 333.311492
189.346099 303.550374
259.642958 241.529823
155.393562 165.962531
114.820949 176.991548
222.153242 322.724726
2 1 14
14 1 13
133 132 145
145 132 144
3 2 15
15 2 14
134 133 146
146 133 145
4 3 16
16 3 15
135 134 147
147 134 146
5 4 17
17 4 16
136 135 148
148 135 147
6 5 18
18 5 17
137 136 149
149 136 148
7 6 19
19 6 18
138 137 150
150 137 149
8 7 20
20 7 19
139 138 151
151 138 150
9 8 21
21 8 20
140 139 152
152 139 151
10 9 22
22 9 21
141 140 153
153 140 152
11 10 23
23 10 22
142 141 154
154 141 153
12 11 24
24 11 23
143 142 155
155 142 154
14 13 26
26 13 25
24 23 37
37 23 36
26 25 39
39 25 38
37 36 49
49 36 48
39 38 51
51 38 50
49 48 61
61 48 60
51 50 63
63 50 62
61 60 72
72 60 71
63 62 74
74 62 73
72 71 84
84 71 83
74 73 86
86 73 85
84 83 94
94 83 93
86 85 96
96 85 95
94 93 107
107 93 106
96 95 109
109 95 108
107 106 118
118 106 117
109 108 120
120 108 119
118 117 131
131 117 130
120 119 133
133 119 132
131 130 143
143 130 142
15 14 27
40 27 39
16 15 28
41 28 40
17 16 29
18 17 30
42 30 29
19 18 31
44 31 43
20 19 32
45 32 44
21 20 33
34 45 46
22 21 34
47 34 46
23 22 35
48 35 47
27 14 26
27 26 39
28 15 27
28 27 40
29 16 28
30 17 29
30 42 43
31 18 30
31 30 43
32 19 31
32 31 44
33 20 32
33 32 45
34 21 33
45 34 33
35 22 34
35 34 47
36 23 35
36 35 48
40 39 52
165 52 63
43 42 54
66 53 65
44 43 55
158 55 66
45 44 56
57 67 68
56 46 45
57 69 58
47 46 58
59 69 70
48 47 59
71 59 70
52 39 51
52 51 63
41 40 52
164 65 53
54 42 53
53 66 54
55 43 54
55 54 66
56 44 55
56 55 67
46 56 57
67 57 56
58 46 57
80 57 68
59 47 58
69 59 58
60 48 59
60 59 71
165 63 75
76 86 87
77 87 88
65 64 77
158 68 67
57 80 69
81 79 91
70 69 81
92 81 91
71 70 82
93 82 92
75 63 74
75 74 86
86 76 75
78 65 77
80 68 79
79 103 91
81 69 80
79 81 80
82 70 81
82 81 92
83 71 82
83 82 93
87 86 97
110 97 109
88 87 98
111 98 110
112 99 111
124 100 112
125 101 124
114 102 113
115 103 114
92 91 104
116 104 115
93 92 105
117 105 116
97 86 96
97 96 109
98 87 97
98 97 110
111 88 98
88 111 99
100 99 112
166 100 101
101 100 124
79 102 103
103 102 114
104 91 103
104 103 115
105 92 104
105 104 116
106 93 105
106 105 117
110 109 121
134 121 133
111 110 122
135 122 134
112 111 123
136 123 135
137 124 136
101 125 113
138 125 137
114 113 126
139 126 138
115 114 127
140 127 139
116 115 128
141 128 140
117 116 129
142 129 141
121 109 120
121 120 133
122 110 121
122 121 134
123 111 122
123 122 135
124 112 123
124 123 136
125 124 137
138 113 125
113 138 126
127 114 126
127 126 139
128 115 127
128 127 140
129 116 128
129 128 141
130 117 129
130 129 142
160 158 66
65 165 64
77 64 76
77 76 87
159 75 76
162 78 77
55 158 67
164 42 41
64 159 76
160 65 78
163 68 158
99 162 88
65 160 66
113 161 101
161 113 102
88 162 77
42 164 53
160 163 158
65 164 165
165 75 159
29 28 41
41 52 165
64 165 159
42 29 41
164 41 165
100 162 99
68 156 79
161 166 101
166 162 100
90 79 156
161 102 90
160 78 157
156 163 157
166 90 89
102 79 90
68 163 156
162 166 89
89 90 156
166 161 90
163 160 157
78 89 157
78 162 89
89 156 157
0.011949
0.011949
0.011949
0.011949
0.011949
0.011949
0.011949
0.011949
0.011949
0.011949
0.011949
0.011949
0.011949
0.011949
0.011949
0.011949
0.011949
0.011949
0.011949
0.011949
0.011949
0.011949
0.011949
0.011949
0.011949
0.011949
0.011949
0.011949
0.011949
0.011949
0.011949
0.011949
0.011949
0.011949
0.011949
0.011949
0.011949
0.011949
0.011949
0.011949
0.011949
0.011949
0.011949
0.011949
0.011949
0.011949
0.011949
0.011949
0.011949
0.011949
0.011949
0.011949
0.011949
0.011949
0.011949
0.011949
0.011949
0.011949
0.011949
0.011949
0.011949
0.011949
0.011949
0.011949
0.011949
0.011949
0.011949
0.011949
0.011949
0.011949
0.011949
0.011949
0.011949
0.011949
0.011949
0.011949
0.011949
0.011949
0.011949
0.011949
0.011949
0.011949
0.011949
0.011949
0.011949
0.011949
0.011949
0.011949
0.011949
0.011949
0.659073
0.011949
0.659073
0.011949
0.659073
0.011949
0.011949
0.011949
0.011949
0.011949
0.011949
0.011949
0.011949
0.011949
0.011949
0.011949
0.011949
0.659073
0.011949
0.659073
0.011949
0.659073
0.011949
0.011949
0.011949
0.011949
0.011949
0.011949
0.011949
0.011949
0.011949
0.011949
0.659073
0.011949
0.659073
0.659073
0.659073
0.659073
0.659073
0.659073
0.011949
0.011949
0.011949
0.011949
0.011949
0.011949
0.011949
0.659073
0.659073
0.011949
0.659073
0.659073
0.659073
0.659073
0.659073
0.659073
0.659073
0.659073
0.011949
0.011949
0.011949
0.011949
0.011949
0.011949
0.659073
0.659073
0.011949
0.659073
0.659073
0.011949
0.011949
0.011949
0.011949
0.011949
0.011949
0.011949
0.011949
0.659073
0.659073
0.659073
0.659073
0.011949
0.011949
0.011949
0.011949
0.011949
0.011949
0.659073
0.011949
0.659073
0.659073
0.659073
0.659073
0.011949
0.011949
0.011949
0.011949
0.011949
0.011949
0.011949
0.011949
0.011949
0.659073
0.659073
0.659073
0.659073
0.659073
0.659073
0.659073
0.011949
0.011949
0.011949
0.011949
0.011949
0.011949
0.011949
0.011949
0.011949
0.011949
0.011949
0.011949
0.011949
0.659073
0.011949
0.011949
0.011949
0.011949
0.011949
0.011949
0.011949
0.011949
0.011949
0.011949
0.011949
0.011949
0.011949
0.011949
0.011949
0.011949
0.011949
0.011949
0.011949
0.011949
0.011949
0.011949
0.011949
0.011949
0.011949
0.011949
0.011949
0.011949
0.659073
0.659073
0.659073
0.659073
0.011949
0.011949
0.659073
0.659073
0.659073
0.011949
0.011949
0.659073
0.011949
0.659073
0.659073
0.659073
0.659073
0.659073
0.659073
0.011949
0.011949
0.011949
0.659073
0.659073
0.659073
0.659073
0.011949
0.736326
0.659073
0.011949
0.659073
0.011949
0.659073
0.736326
0.659073
0.011949
0.659073
0.736326
0.736326
0.659073
0.011949
0.011949
0.736326
