155 262
0.000000 0.000000
45.454545 0.000000
90.898990 0.000000
136.343434 0.000000
181.787879 0.000000
227.232323 0.000000
272.676768 0.000000
318.121212 0.000000
363.565657 0.000000
409.010101 0.000000
454.454545 0.000000
499.909091 0.000000
0.000000 45.454545
35.536052 39.156450
77.315074 40.342768
122.406984 43.731578
169.281866 49.316120
214.070289 50.612824
256.195524 48.509286
298.448858 51.680308
345.569027 61.740143
395.559805 50.785662
449.683927 54.022549
499.909091 45.454545
0.000000 86.354545
27.690316 72.016578
62.768966 77.127237
106.841067 82.044489
153.773582 90.688505
207.314094 110.864851
282.134093 93.775704
381.735384 93.854292
423.796132 95.096225
465.149975 100.466202
499.909091 86.354545
0.000000 127.254545
40.161745 111.992763
89.099613 117.215677
135.709940 123.166223
181.101316 135.010373
269.886710 131.294998
315.996716 106.056616
398.197094 131.844960
452.452899 139.602498
499.909091 127.254545
0.000000 168.154545
31.038198 150.529318
70.572299 153.456862
118.585995 155.512931
164.882669 158.529378
200.176638 158.901783
238.422775 147.127931
303.613796 134.741454
325.456946 161.674747
417.741832 172.098618
462.469189 182.301378
499.909091 168.154545
0.000000 209.054545
44.485295 191.790933
100.113517 193.705308
181.443496 201.001912
227.897181 200.875990
282.653476 185.842683
327.560309 197.372157
442.334102 222.596230
499.909091 209.054545
0.000000 249.954545
33.130602 232.154400
76.593925 235.484751
205.219898 261.714609
259.469254 250.666605
308.923835 262.987021
348.576165 253.140814
392.369122 263.828254
421.262577 267.038250
462.467788 267.755319
499.909091 249.954545
0.000000 290.854545
44.609729 274.487545
97.965998 281.789748
176.763831 299.374739
245.485796 288.429011
286.636808 304.150064
330.527313 324.482231
448.924617 308.332939
499.909091 290.854545
0.000000 331.754545
32.437107 313.945731
72.202949 317.226593
113.410835 321.503190
217.024402 325.960000
264.257180 342.204690
311.157742 356.130745
368.428830 295.735512
411.146131 342.174223
458.114763 355.971516
499.909091 331.754545
0.000000 372.654545
45.412202 355.402529
99.451384 356.225510
173.425839 379.934026
240.816360 386.616339
284.421943 391.941944
422.772149 384.017071
466.028021 396.896229
499.909091 372.654545
0.000000 413.554545
35.111007 396.985701
78.737320 399.019484
131.242460 394.977775
259.864167 432.144871
334.709074 406.507633
393.954832 416.659664
440.995596 424.903696
474.467931 430.276720
499.909091 413.554545
0.000000 454.454545
51.428924 444.294410
109.820324 446.225548
170.291327 439.240438
210.391001 465.519816
247.131296 464.277314
329.139714 459.220874
375.605375 457.034057
423.253050 459.998349
465.498169 461.575152
499.909091 454.454545
0.000000 499.909091
45.454545 499.909091
90.898990 499.909091
136.343434 499.909091
181.787879 499.909091
227.232323 499.909091
272.676768 499.909091
318.121212 499.909091
363.565657 499.909091
409.010101 499.909091
454.454545 499.909091
499.909091 499.909091
345.556357 129.803671
367.901783 160.613549
383.097406 195.632438
139.313236 238.981006
141.718481 303.052856
155.755785 349.218033
389.663476 302.782293
366.394133 367.497873
225.513957 424.262837
295.727012 428.047367
151.172623 187.008536
391.816920 236.934380
287.110011 463.918100
242.611023 94.986882
193.816419 403.183682
381.008075 334.443967
2 1 14
14 1 13
118 117 129
129 117 128
3 2 15
15 2 14
119 118 130
130 118 129
4 3 16
16 3 15
120 119 131
131 119 130
5 4 17
17 4 16
121 120 132
132 120 131
6 5 18
18 5 17
122 121 133
133 121 132
7 6 19
19 6 18
152 122 134
134 122 133
8 7 20
20 7 19
123 152 135
135 152 134
9 8 21
21 8 20
124 123 136
136 123 135
10 9 22
22 9 21
125 124 137
137 124 136
11 10 23
23 10 22
126 125 138
138 125 137
12 11 24
24 11 23
127 126 139
139 126 138
14 13 26
26 13 25
24 23 35
35 23 34
26 25 37
37 25 36
35 34 45
45 34 44
37 36 47
47 36 46
45 44 57
57 44 56
47 46 59
59 46 58
57 56 66
66 56 65
59 58 68
68 58 67
66 65 77
77 65 76
68 67 79
79 67 78
77 76 86
86 76 85
79 78 88
88 78 87
86 85 97
97 85 96
88 87 99
99 87 98
97 96 106
106 96 105
99 98 108
108 98 107
106 105 116
116 105 115
108 107 118
118 107 117
116 115 127
127 115 126
15 14 27
38 27 37
16 15 28
39 28 38
17 16 29
40 29 39
18 17 30
19 18 153
20 19 31
21 20 42
22 21 32
43 32 140
23 22 33
44 33 43
27 14 26
27 26 37
28 15 27
28 27 38
29 16 28
29 28 39
30 17 29
21 140 32
33 22 32
33 32 43
34 23 33
34 33 44
38 37 48
60 48 59
39 38 49
150 61 50
62 51 61
153 52 41
63 52 62
31 53 42
54 63 64
44 43 55
65 55 142
48 37 47
48 47 59
49 38 48
49 48 60
50 39 49
51 50 61
52 51 62
63 41 52
41 63 53
140 53 54
63 54 53
55 43 141
56 44 55
56 55 65
60 59 69
80 69 79
62 61 70
91 70 81
63 62 71
83 71 82
64 63 72
84 72 83
73 142 64
94 73 84
151 65 142
69 59 68
69 68 79
143 60 69
143 69 80
143 70 61
70 143 81
71 62 70
71 70 82
72 63 71
72 71 83
73 64 72
73 72 84
76 65 75
76 75 85
80 79 89
100 89 99
144 80 90
110 145 100
70 91 82
154 91 101
83 82 92
103 92 102
84 83 93
112 93 103
73 94 74
75 146 85
96 104 105
89 79 88
89 88 99
90 80 89
90 89 100
145 81 144
92 82 91
92 91 102
93 83 92
93 92 103
147 84 93
84 147 155
85 146 95
155 95 146
96 85 95
104 96 95
100 99 109
119 109 118
120 110 119
148 120 121
148 121 122
112 103 149
124 112 123
104 147 113
125 113 124
105 104 114
126 114 125
109 99 108
109 108 118
110 100 109
110 109 119
145 110 101
101 110 120
113 112 124
114 104 113
114 113 125
115 105 114
115 114 126
52 30 51
65 151 75
81 145 91
100 145 90
152 123 149
64 141 54
90 145 144
153 41 31
53 31 41
49 150 50
151 73 74
91 154 102
111 103 102
142 55 141
60 150 49
74 75 151
91 145 101
148 102 154
111 152 149
30 29 40
141 43 140
84 155 94
123 112 149
122 152 111
120 154 101
21 42 140
112 113 147
20 31 42
142 73 151
94 146 74
122 111 148
153 18 30
95 147 104
120 148 154
53 140 42
64 142 141
75 74 146
19 153 31
50 51 40
102 148 111
103 111 149
54 141 140
93 112 147
39 50 40
52 153 30
95 155 147
94 155 146
51 30 40
143 80 144
143 61 150
60 143 150
81 143 144
0
0
0
0
0
0
0
0
0
0
0
0
0
0
0
0
0
0
0
0
0
0
0
0
0
0
0
0
0
0
0
0
0
0
0
0
0
0
0
0
0
0
0
0
0
0
0
0
0
0
0
0
0
0
0
0
0
0
0
0
0
0
0
0
0
0
0
0
0
0
0
0
0
0
0
0
0
0
0
0
0
0
0
0
0
0
0
0
0
0
0
0
0
0
0
0
0
0
0
0
0
0
0
0
0
0
0
0
0
0
0
0
0
2
2
2
2
2
2
0
0
0
0
0
0
0
2
2
2
2
2
2
0
0
0
0
0
2
1
2
2
2
2
2
2
0
0
0
0
0
2
2
2
2
2
2
1
1
0
0
0
0
0
0
1
2
2
2
2
2
2
0
0
0
0
0
0
2
2
2
2
2
2
2
0
0
0
0
0
0
0
0
0
2
0
0
0
0
0
0
0
0
0
0
0
0
0
0
0
0
2
0
2
0
0
2
0
2
2
0
2
2
2
0
0
0
2
2
0
0
0
2
0
0
0
0
0
0
2
2
0
0
0
0
2
2
0
0
2
2
2
2
2
0
2
0
2
2
0
2
0
2
