647 1194
0.000000 0.000000
21.739130 0.000000
43.453416 0.000000
65.167702 0.000000
86.881988 0.000000
108.596273 0.000000
130.310559 0.000000
152.024845 0.000000
173.739130 0.000000
195.453416 0.000000
217.167702 0.000000
238.881988 0.000000
260.596273 0.000000
282.310559 0.000000
304.024845 0.000000
325.739130 0.000000
347.453416 0.000000
369.167702 0.000000
390.881988 0.000000
412.596273 0.000000
434.310559 0.000000
456.024845 0.000000
477.739130 0.000000
499.478261 0.000000
0.000000 21.739130
16.420382 18.193663
35.874412 18.133933
56.784150 18.474700
78.218049 18.808368
99.856428 19.096629
121.569508 19.355104
143.279867 19.615101
164.929814 19.929422
186.489325 20.377134
207.986030 21.042770
229.511902 21.871808
251.195486 22.544786
273.047602 22.640160
294.846829 22.182052
316.423507 21.674953
337.872258 21.373527
359.376514 21.231756
381.071532 21.233962
403.049422 21.392041
425.433331 21.785340
448.674102 22.722312
475.245070 25.465870
499.478261 21.739130
0.000000 40.739130
12.506363 33.727459
28.402403 35.561444
48.447022 36.573769
69.544350 37.332095
91.073750 37.946726
112.799098 38.469471
134.574920 38.949257
156.269629 39.456681
177.776109 40.127769
199.051401 41.163797
220.242291 42.846178
241.597658 44.801032
263.537055 45.961194
285.798751 45.159381
307.474880 43.624131
328.582261 42.875000
349.658039 42.462423
371.035716 42.321824
392.917648 42.458349
415.395693 42.874434
438.573913 43.723080
462.456875 45.359491
482.864001 47.700993
499.478261 40.739130
0.000000 59.739130
17.709044 52.403911
39.457229 54.335887
60.619649 55.604492
82.123581 56.584418
103.901129 57.389203
125.819013 58.079613
147.712547 58.719185
169.344594 59.399167
190.571861 60.441080
211.242634 62.150172
232.063817 66.052070
253.034881 69.537059
276.547127 71.093557
299.337789 65.465254
319.858683 64.397522
340.204854 63.724032
360.875648 63.251831
382.314365 63.293696
404.638948 63.634073
427.760840 64.253397
451.722608 65.343270
477.661518 67.201317
499.478261 59.739130
0.000000 78.739130
13.317244 70.588360
30.280082 72.135927
51.285208 73.735704
72.860561 75.064957
94.742138 76.168826
116.849318 77.085802
139.077200 77.864206
161.190016 78.565619
182.547405 79.084573
203.468915 80.722170
222.057294 81.678731
294.239592 83.308314
312.106278 85.218307
331.444468 85.486762
350.808664 83.875972
371.231362 83.835364
393.186470 84.261165
416.258583 84.663075
439.975298 85.282071
463.907189 86.240052
483.723393 87.287076
499.478261 78.739130
0.000000 97.739130
18.597083 89.923669
41.314651 91.827956
63.179030 93.444868
85.213720 94.851210
107.504509 96.036983
130.051945 96.975376
152.840391 97.758869
175.617957 98.567087
195.091023 96.812356
219.303156 104.167170
260.255310 94.016556
303.580556 100.553622
341.511667 103.605146
359.583026 103.355587
380.619480 104.974922
404.055996 105.165713
427.934049 105.381570
452.268595 105.810712
478.091716 106.515708
499.478261 97.739130
0.000000 116.739130
13.838680 108.460381
31.428810 109.974731
53.117505 111.752708
75.282325 113.436455
97.713591 114.954814
120.456227 116.185307
143.583943 116.920325
167.521224 117.659831
227.737378 117.161212
250.860864 114.374954
271.979079 113.642698
295.227049 114.153784
348.686068 116.616911
364.640481 127.226229
391.019492 126.005526
415.318106 125.707573
439.727931 125.659802
463.975471 125.784796
483.810825 126.008960
499.478261 116.739130
0.000000 135.739130
19.167370 127.925200
42.537269 129.958359
64.962612 131.873687
87.507270 133.741151
110.317418 135.477332
133.565946 136.746400
157.067888 136.195489
218.189599 134.176320
239.346842 133.439982
261.641897 132.711349
284.268202 132.415143
307.737479 132.017798
328.265270 132.063704
352.399982 138.773434
379.259798 146.752397
402.223291 146.205953
426.948081 145.826358
451.923320 145.447426
478.030364 145.265989
499.478261 135.739130
0.000000 154.739130
14.178910 146.498230
32.187563 148.106352
54.359397 150.117331
76.971904 152.235919
99.796246 154.468424
122.865860 156.767500
147.104729 158.931982
169.132105 151.918118
183.830335 154.664958
202.008122 147.834005
227.340052 150.944529
250.316022 151.310535
273.088007 151.138767
295.945050 150.885540
318.551868 150.531782
341.436364 148.855977
362.232662 152.626172
387.372126 166.422313
413.422000 166.521138
439.073395 165.415859
463.784102 164.731533
483.761891 164.410875
499.478261 154.739130
0.000000 173.739130
19.539365 165.981290
43.342809 168.157610
66.154726 170.371960
89.052828 172.842877
112.064488 175.745639
134.348166 179.235030
152.010821 185.548544
173.277129 169.174423
193.235626 169.407260
215.446448 169.146246
238.738337 169.798044
261.749951 169.890377
284.619432 169.695014
307.418789 169.590417
330.518899 169.834973
354.768012 169.486413
372.955665 171.881914
398.428981 189.557960
426.484613 185.698127
451.876252 184.270407
478.037835 183.578596
499.478261 173.739130
0.000000 192.739130
14.395974 184.498968
32.670204 186.129551
55.146637 188.239153
78.058053 190.638947
101.276703 193.596524
125.051841 197.563585
146.993522 200.852930
180.712032 187.398760
204.142651 188.237524
227.219100 188.684728
250.367300 188.862850
273.383774 188.608973
296.146748 188.137805
318.745013 188.530631
342.202516 192.062843
365.962919 189.136202
382.378005 195.838550
398.897441 208.370289
416.264068 204.966569
439.838704 203.456825
464.034713 202.741571
483.848762 202.417610
499.478261 192.739130
0.000000 211.739130
19.770342 203.905713
43.827388 205.994575
66.831271 208.142437
89.894479 210.641073
113.547789 214.147415
169.060454 205.095022
192.550057 206.936453
215.699172 207.869562
238.929497 208.229538
262.195492 208.020960
285.239010 207.116488
307.489326 205.353642
328.703775 206.252296
357.718954 205.715133
374.474946 206.971120
405.951843 221.088344
427.976309 221.628044
452.388425 221.436496
478.212274 221.289735
499.478261 211.739130
0.000000 230.739130
14.533499 222.385238
32.966499 223.853391
55.584158 225.697337
78.487284 227.643915
101.179988 229.677763
121.809359 231.601813
160.495326 223.996572
181.607601 225.839309
204.087667 227.187274
227.275981 227.962023
250.831348 228.012633
274.435709 227.344388
297.796621 225.285182
318.313682 216.835995
339.004730 215.510822
366.950568 224.902765
390.662061 232.769815
413.432613 239.194930
439.971638 239.625515
464.286314 239.877741
483.964423 240.076778
499.478261 230.739130
0.000000 249.739130
19.931325 241.688808
44.155969 243.448717
67.246600 245.101237
90.203686 246.604144
113.154904 247.428792
139.087521 244.951217
152.059982 245.074273
171.172640 245.314127
192.291377 246.509338
215.113059 248.015881
239.005738 248.475753
263.157297 248.072066
287.406284 247.592762
313.903679 247.493091
330.708589 234.967986
343.911701 245.596056
374.408976 248.158883
408.768569 257.672007
428.924451 257.516447
452.807551 258.100069
478.362284 258.738381
499.478261 249.739130
0.000000 268.739130
14.646872 260.214649
33.218569 261.441363
55.995972 262.910223
79.067363 264.303343
102.105580 265.470246
124.558516 266.267937
138.921281 268.941001
160.603951 265.438303
179.989611 265.027220
201.788339 267.674634
226.236938 270.292887
251.427889 268.512177
275.846337 268.513118
299.305599 268.864680
314.000583 269.491981
343.702017 268.743000
361.201514 268.646545
391.965502 272.973910
417.750422 274.610279
440.800998 275.896580
464.484776 276.946464
484.026935 277.689827
499.478261 268.739130
0.000000 287.739130
20.085191 279.464761
44.499946 280.920944
67.797762 282.245730
91.071340 283.488605
114.595027 284.728849
139.495890 286.087635
151.647455 284.610903
169.841334 283.661904
184.248499 281.564983
210.804812 294.714525
239.648012 287.153469
264.678482 288.573025
289.109214 289.472923
315.571130 290.628955
342.728846 288.557356
370.491948 287.850211
407.780620 290.364579
428.250676 293.238744
452.572874 294.968266
478.326170 296.286293
499.478261 287.739130
0.000000 306.739130
14.758923 298.077909
33.473373 299.120086
56.434009 300.343345
79.728950 301.507781
103.148057 302.675609
127.201955 304.383037
141.848411 301.846635
159.178000 301.689691
183.386181 303.640021
196.830371 317.703498
235.914186 309.114324
254.429056 308.332276
277.615073 309.458143
301.643040 310.803155
324.372444 312.956796
335.411537 310.812854
366.888844 308.674893
386.821441 313.078806
411.255656 310.601900
439.331786 312.991539
464.231323 314.450661
484.003469 315.471015
499.478261 306.739130
0.000000 325.739130
20.236168 317.326370
44.827589 318.587021
68.281721 319.678271
91.649993 320.614871
114.650920 321.330298
132.699639 321.300024
164.365714 323.666489
184.317863 326.295607
218.385971 320.572380
242.730283 326.707401
265.991379 328.989761
289.843720 330.580956
313.349509 331.723234
335.021260 332.018580
360.097126 332.484497
382.996001 327.542191
399.898210 332.298704
427.025391 331.842999
452.646407 332.847274
478.500629 334.140070
499.478261 325.739130
0.000000 344.739130
14.872550 336.029604
33.720777 336.991601
56.820928 338.062252
80.232929 338.954082
103.863492 339.542905
129.347750 339.465135
176.185563 345.381253
200.822131 341.087519
228.286728 344.976772
253.376937 348.262571
277.957306 350.602164
302.509861 351.913541
326.708909 352.068965
350.188784 352.066265
378.982548 339.302567
394.727962 352.712048
417.476197 351.010711
441.539662 351.308352
465.245090 352.350500
484.418687 353.383078
499.478261 344.739130
0.000000 363.739130
20.405574 355.351748
45.161748 356.592503
68.701770 357.569855
92.082088 358.256124
115.220367 358.636748
135.490288 359.498785
165.015286 366.722630
214.350150 365.507437
240.057281 367.728975
265.242271 370.577990
290.783494 373.295503
316.419099 373.215746
342.766467 371.479285
391.024535 368.104714
409.794489 368.581377
431.869679 369.321206
454.972850 370.477855
479.390475 371.946683
499.478261 363.739130
0.000000 382.739130
15.032984 374.146605
34.050622 375.223625
57.270614 376.355857
80.642710 377.198221
103.832308 377.634873
126.707374 377.422692
150.982925 374.631810
172.283812 377.620721
202.500541 385.158672
227.036533 386.920083
252.053992 390.138185
277.227839 393.450347
305.347276 400.020855
330.400247 390.520773
378.373935 378.313581
401.035111 383.942381
422.632991 386.397657
444.801047 388.151707
466.990297 389.788988
485.149343 391.148268
499.478261 382.739130
0.000000 401.739130
20.708571 393.679382
45.723935 395.215636
69.342657 396.335292
92.626807 397.037357
115.714657 397.258229
139.003813 396.875929
163.186326 396.944536
178.876797 404.431085
214.478718 402.688285
238.780378 410.306474
263.981886 411.854443
285.960130 414.823279
326.382873 411.212634
369.988595 394.796278
391.209034 399.310493
413.175831 402.947015
435.121722 405.442737
457.218510 407.482124
480.409337 409.527466
499.478261 401.739130
0.000000 420.739130
15.390364 412.583330
34.761932 414.108221
58.208982 415.591454
81.582654 416.613289
104.645632 417.184392
127.471738 417.394424
149.959522 417.604331
170.555729 418.672326
188.902506 417.877777
206.548226 412.730337
239.024015 428.221299
313.400535 419.345147
358.865028 410.050926
381.183331 415.990880
403.497880 419.873570
425.558563 422.715883
447.343473 424.962425
468.645139 427.019609
485.905486 428.775083
499.478261 420.739130
0.000000 439.739130
21.481280 432.650788
47.058363 434.928748
70.784198 436.347575
93.887434 437.183773
116.590197 437.619507
138.916196 437.824612
160.622859 437.914992
181.785951 437.262555
204.550232 434.286504
223.891253 438.190454
303.157903 444.949102
319.130217 439.028379
340.679941 428.207939
369.852428 434.113233
393.687702 437.801807
416.173376 440.476175
438.039372 442.593892
459.477584 444.520539
481.516402 446.850094
499.478261 439.739130
0.000000 458.739130
16.462889 451.952223
36.695385 454.504737
60.418352 456.369734
83.549312 457.398498
106.172442 457.939487
128.447452 458.190641
150.405020 458.224465
172.114319 457.903123
193.969731 456.922953
215.844310 455.892127
239.128188 451.422342
262.981137 453.486542
285.959869 453.908338
302.621267 463.733558
317.922774 460.627895
337.415167 456.734141
360.387119 455.400927
384.312207 457.228319
407.107694 459.129731
429.149473 460.742822
450.533905 462.145812
470.787201 463.551501
486.842834 465.605678
499.478261 458.739130
0.000000 477.739130
24.137780 474.127334
50.613638 476.999597
73.809198 478.039257
96.224197 478.511193
118.335949 478.733411
140.264708 478.802725
162.064320 478.711675
183.837775 478.384160
205.685625 477.812511
227.840759 476.722020
250.336726 476.251758
272.592043 476.926339
293.367782 478.958259
312.698298 480.228479
332.514279 479.098155
353.857273 478.044552
376.206405 478.079251
398.632586 478.846177
420.691300 479.683805
442.351408 480.427870
463.398420 481.038369
482.954021 481.148534
499.478261 477.739130
0.000000 499.478261
21.739130 499.478261
43.453416 499.478261
65.167702 499.478261
86.881988 499.478261
108.596273 499.478261
130.310559 499.478261
152.024845 499.478261
173.739130 499.478261
195.453416 499.478261
217.167702 499.478261
238.881988 499.478261
260.596273 499.478261
282.310559 499.478261
304.024845 499.478261
325.739130 499.478261
347.453416 499.478261
369.167702 499.478261
390.881988 499.478261
412.596273 499.478261
434.310559 499.478261
456.024845 499.478261
477.739130 499.478261
499.478261 499.478261
244.207819 95.303745
368.070776 162.027970
143.981525 312.712079
389.674989 300.398393
191.097869 399.885210
324.175553 112.104272
343.323308 128.704988
220.909480 421.132276
160.743068 166.112596
377.243815 182.008646
142.085756 221.804190
187.399686 367.178807
321.539893 244.281018
330.772620 252.616013
334.371669 120.193077
391.762437 244.064813
148.318382 328.609485
275.890940 431.217709
180.641348 388.776166
385.366848 206.638001
155.193522 347.337613
329.520989 300.738990
279.625522 94.215666
388.472660 219.600632
253.979115 431.196117
181.499481 134.995921
302.205368 424.308682
194.517633 121.520820
291.108214 428.091328
371.191100 356.974489
340.006778 399.780059
351.479574 387.418019
358.821047 377.694340
365.348346 367.372796
2 1 26
26 1 25
567 566 591
591 566 590
3 2 27
27 2 26
568 567 592
592 567 591
4 3 28
28 3 27
569 568 593
593 568 592
5 4 29
29 4 28
570 569 594
594 569 593
6 5 30
30 5 29
571 570 595
595 570 594
7 6 31
31 6 30
572 571 596
596 571 595
8 7 32
32 7 31
573 572 597
597 572 596
9 8 33
33 8 32
574 573 598
598 573 597
10 9 34
34 9 33
575 574 599
599 574 598
11 10 35
35 10 34
576 575 600
600 575 599
12 11 36
36 11 35
577 576 601
601 576 600
13 12 37
37 12 36
578 577 602
602 577 601
14 13 38
38 13 37
579 578 603
603 578 602
15 14 39
39 14 38
580 579 604
604 579 603
16 15 40
40 15 39
581 580 605
605 580 604
17 16 41
41 16 40
582 581 606
606 581 605
18 17 42
42 17 41
583 582 607
607 582 606
19 18 43
43 18 42
584 583 608
608 583 607
20 19 44
44 19 43
585 584 609
609 584 608
21 20 45
45 20 44
586 585 610
610 585 609
22 21 46
46 21 45
587 586 611
611 586 610
23 22 47
47 22 46
588 587 612
612 587 611
24 23 48
48 23 47
589 588 613
613 588 612
26 25 50
50 25 49
48 47 73
73 47 72
50 49 75
75 49 74
73 72 97
97 72 96
75 74 99
99 74 98
97 96 120
120 96 119
99 98 122
122 98 121
120 119 141
141 119 140
122 121 143
143 121 142
141 140 162
162 140 161
143 142 164
164 142 163
162 161 183
183 161 182
164 163 185
185 163 184
183 182 207
207 182 206
185 184 209
209 184 208
207 206 230
230 206 229
209 208 232
232 208 231
230 229 254
254 229 253
232 231 256
256 231 255
254 253 275
275 253 274
256 255 277
277 255 276
275 274 298
298 274 297
277 276 300
300 276 299
298 297 321
321 297 320
300 299 323
323 299 322
321 320 345
345 320 344
323 322 347
347 322 346
345 344 367
367 344 366
347 346 369
369 346 368
367 366 391
391 366 390
369 368 393
393 368 392
391 390 413
413 390 412
393 392 415
415 392 414
413 412 435
435 412 434
415 414 437
437 414 436
435 434 455
455 434 454
437 436 457
457 436 456
455 454 477
477 454 476
457 456 479
479 456 478
477 476 498
498 476 497
479 478 500
500 478 499
498 497 519
519 497 518
500 499 521
521 499 520
519 518 540
540 518 539
521 520 542
542 520 541
540 539 565
565 539 564
542 541 567
567 541 566
565 564 589
589 564 588
27 26 51
76 51 75
28 27 52
77 52 76
29 28 53
78 53 77
30 29 54
79 54 78
31 30 55
80 55 79
32 31 56
81 56 80
33 32 57
82 57 81
34 33 58
83 58 82
35 34 59
84 59 83
36 35 60
85 60 84
37 36 61
86 61 85
38 37 62
87 62 86
39 38 63
88 63 87
40 39 64
89 64 88
41 40 65
90 65 89
42 41 66
91 66 90
43 42 67
92 67 91
44 43 68
93 68 92
45 44 69
94 69 93
46 45 70
95 70 94
47 46 71
96 71 95
51 26 50
51 50 75
52 27 51
52 51 76
53 28 52
53 52 77
54 29 53
54 53 78
55 30 54
55 54 79
56 31 55
56 55 80
57 32 56
57 56 81
58 33 57
58 57 82
59 34 58
59 58 83
60 35 59
60 59 84
61 36 60
61 60 85
62 37 61
62 61 86
63 38 62
63 62 87
64 39 63
64 63 88
65 40 64
65 64 89
66 41 65
66 65 90
67 42 66
67 66 91
68 43 67
68 67 92
69 44 68
69 68 93
70 45 69
70 69 94
71 46 70
71 70 95
72 47 71
72 71 96
76 75 100
123 100 122
77 76 101
124 101 123
78 77 102
125 102 124
79 78 103
126 103 125
80 79 104
127 104 126
81 80 105
128 105 127
82 81 106
129 106 128
83 82 107
130 107 129
84 83 108
131 108 130
85 84 109
614 86 85
132 87 86
88 87 110
89 88 111
90 89 112
91 90 113
135 113 134
92 91 114
136 114 135
93 92 115
137 115 136
94 93 116
138 116 137
95 94 117
139 117 138
96 95 118
140 118 139
100 75 99
100 99 122
101 76 100
101 100 123
102 77 101
102 101 124
103 78 102
103 102 125
104 79 103
104 103 126
105 80 104
105 104 127
106 81 105
106 105 128
107 82 106
107 106 129
108 83 107
108 107 130
109 84 108
109 108 131
614 85 109
110 87 636
111 88 110
111 110 133
112 89 111
112 111 619
113 90 112
113 112 134
114 91 113
114 113 135
115 92 114
115 114 136
116 93 115
116 115 137
117 94 116
117 116 138
118 95 117
118 117 139
119 96 118
119 118 140
123 122 144
165 144 164
124 123 145
166 145 165
125 124 146
167 146 166
126 125 147
168 147 167
127 126 148
169 148 168
128 127 149
170 149 169
129 128 150
639 150 170
150 641 129
172 151 171
173 152 172
174 153 173
175 154 174
112 619 134
135 134 155
156 177 201
136 135 156
178 156 201
137 136 157
179 157 178
138 137 158
180 158 179
139 138 159
181 159 180
140 139 160
182 160 181
144 122 143
144 143 164
145 123 144
145 144 165
146 124 145
146 145 166
147 125 146
147 146 167
148 126 147
148 147 168
149 127 148
149 148 169
150 128 149
150 149 170
641 150 639
151 641 171
152 614 151
152 151 172
153 132 152
153 152 173
154 636 153
154 153 174
175 619 154
176 619 175
628 134 619
156 135 155
620 156 155
157 136 156
157 156 178
158 137 157
158 157 179
159 138 158
159 158 180
160 139 159
160 159 181
161 140 160
161 160 182
165 164 186
210 186 209
166 165 187
211 187 210
167 166 188
212 188 211
168 167 189
213 189 212
169 168 190
214 190 213
170 169 191
215 191 214
622 216 192
217 193 216
218 194 217
172 171 195
219 195 218
173 172 196
220 196 219
174 173 197
221 197 220
175 174 198
222 198 221
176 175 199
223 199 222
620 200 177
224 200 223
178 201 615
179 178 202
226 202 623
180 179 203
227 203 226
181 180 204
228 204 227
182 181 205
229 205 228
186 164 185
186 185 209
187 165 186
187 186 210
188 166 187
188 187 211
189 167 188
189 188 212
190 168 189
190 189 213
191 169 190
191 190 214
192 170 191
193 192 216
194 193 217
195 171 194
195 194 218
196 172 195
196 195 219
197 173 196
197 196 220
198 174 197
198 197 221
199 175 198
199 198 222
200 176 199
200 199 223
201 200 224
202 178 615
225 202 615
203 179 202
203 202 226
204 180 203
204 203 227
205 181 204
205 204 228
206 182 205
206 205 229
210 209 233
257 233 256
211 210 234
258 234 257
212 211 235
259 235 258
213 212 236
260 236 259
214 213 237
624 237 260
215 214 238
217 216 239
262 239 261
218 217 240
263 240 262
219 218 241
264 241 263
220 219 242
265 242 264
221 220 243
266 243 265
222 221 244
267 244 266
223 222 245
268 245 267
224 223 246
291 246 268
225 224 247
270 247 269
248 226 623
227 226 250
272 250 271
228 227 251
273 251 272
229 228 252
274 252 273
233 209 232
233 232 256
234 210 233
234 233 257
235 211 234
235 234 258
236 212 235
236 235 259
237 213 236
237 236 260
238 214 237
239 216 215
239 215 261
240 217 239
240 239 262
241 218 240
241 240 263
242 219 241
242 241 264
243 220 242
243 242 265
244 221 243
244 243 266
245 222 244
245 244 267
246 223 245
246 245 268
247 224 246
247 246 269
623 247 248
248 247 270
633 226 248
250 226 249
250 249 271
251 227 250
251 250 272
252 228 251
252 251 273
253 229 252
253 252 274
257 256 278
301 278 300
258 257 279
302 279 301
259 258 280
303 280 302
260 259 281
304 281 303
624 260 282
305 282 304
261 238 283
307 283 306
262 261 284
308 284 307
263 262 285
309 285 308
264 263 286
310 286 309
265 264 287
311 287 310
266 265 288
312 288 311
267 266 289
313 289 312
268 267 290
246 291 269
314 315 291
270 269 292
316 292 315
272 271 294
318 294 317
273 272 295
319 295 318
274 273 296
320 296 319
278 256 277
278 277 300
279 257 278
279 278 301
280 258 279
280 279 302
281 259 280
281 280 303
282 260 281
282 281 304
283 624 306
284 261 283
284 283 307
285 262 284
285 284 308
286 263 285
286 285 309
287 264 286
287 286 310
288 265 287
288 287 311
289 266 288
289 288 312
290 267 289
290 289 313
291 268 290
314 290 626
292 269 291
292 291 315
637 292 293
294 293 629
293 294 271
295 272 294
295 294 318
296 273 295
296 295 319
297 274 296
297 296 320
301 300 324
348 324 347
302 301 325
349 325 348
303 302 326
350 326 349
304 303 327
351 327 350
305 304 328
352 328 351
306 305 329
353 329 352
307 306 330
354 330 353
308 307 331
355 331 354
309 308 332
356 332 355
310 309 333
357 333 356
311 310 334
358 334 357
312 311 335
359 335 358
313 312 336
360 336 359
626 313 337
627 315 314
316 315 339
362 339 361
340 316 339
318 317 341
364 341 363
319 318 342
365 342 364
320 319 343
366 343 365
324 300 323
324 323 347
325 301 324
325 324 348
326 302 325
326 325 349
327 303 326
327 326 350
328 304 327
328 327 351
329 305 328
329 328 352
330 306 329
330 329 353
331 307 330
331 330 354
332 308 331
332 331 355
333 309 332
333 332 356
334 310 333
334 333 357
335 311 334
335 334 358
336 312 335
336 335 359
337 313 336
337 336 360
337 627 626
339 315 338
339 338 361
340 339 362
341 317 340
342 318 341
342 341 364
343 319 342
343 342 365
344 320 343
344 343 366
348 347 370
394 370 393
349 348 371
395 371 394
350 349 372
396 372 395
351 350 373
397 373 396
352 351 374
398 374 397
354 353 376
616 399 376
355 354 377
400 377 399
377 356 355
422 378 400
357 356 379
402 379 401
358 357 380
403 380 402
359 358 381
404 381 403
360 359 382
405 382 404
635 360 383
406 383 405
407 384 406
362 361 385
385 617 362
364 363 387
410 387 409
365 364 388
411 388 410
366 365 389
412 389 411
370 347 369
370 369 393
371 348 370
371 370 394
372 349 371
372 371 395
373 350 372
373 372 396
374 351 373
374 373 397
376 353 375
377 354 376
377 376 399
356 377 378
378 377 400
401 356 378
356 401 379
380 357 379
380 379 402
381 358 380
381 380 403
382 359 381
382 381 404
383 360 382
383 382 405
384 383 406
385 384 407
408 385 407
387 363 617
386 387 617
388 364 387
388 387 410
389 365 388
389 388 411
390 366 389
390 389 412
394 393 416
438 416 437
395 394 417
439 417 438
396 395 418
440 418 439
397 396 419
441 419 440
398 397 420
442 420 441
463 634 442
400 399 421
378 422 401
444 422 625
402 401 423
445 423 444
403 402 424
446 424 445
404 403 425
447 425 446
405 404 426
448 426 447
406 405 427
449 427 448
407 406 428
451 430 450
410 409 431
452 431 451
411 410 432
453 432 452
412 411 433
454 433 453
416 393 415
416 415 437
417 394 416
417 416 438
418 395 417
418 417 439
419 396 418
419 418 440
420 397 419
420 419 441
630 420 634
421 399 634
422 400 421
422 421 625
423 401 422
423 422 444
424 402 423
424 423 445
425 403 424
425 424 446
426 404 425
426 425 447
427 405 426
427 426 448
428 406 427
428 427 449
643 407 428
431 409 430
431 430 451
432 410 431
432 431 452
433 411 432
433 432 453
434 412 433
434 433 454
438 437 458
480 458 479
439 438 459
481 459 480
440 439 460
482 460 481
441 440 461
483 461 482
442 441 462
484 462 483
485 463 484
632 486 618
444 625 465
487 465 618
445 444 466
488 466 487
446 445 467
489 467 488
447 446 468
490 468 489
448 447 469
640 469 490
449 448 470
470 491 644
450 643 471
493 471 492
451 450 472
494 472 493
452 451 473
495 473 494
453 452 474
496 474 495
454 453 475
497 475 496
458 437 457
458 457 479
459 438 458
459 458 480
460 439 459
460 459 481
461 440 460
461 460 482
462 441 461
462 461 483
463 442 462
463 462 484
464 463 485
632 625 464
466 444 465
466 465 487
467 445 466
467 466 488
468 446 467
468 467 489
469 447 468
469 468 490
470 448 469
491 469 511
645 449 470
491 470 469
472 450 471
472 471 493
473 451 472
473 472 494
474 452 473
474 473 495
475 453 474
475 474 496
476 454 475
476 475 497
480 479 501
522 501 521
481 480 502
523 502 522
482 481 503
524 503 523
483 482 504
525 504 524
484 483 505
526 505 525
485 484 506
527 506 526
486 485 507
528 507 527
529 508 528
621 529 530
621 488 487
638 488 510
631 490 489
469 640 511
644 533 512
492 645 512
534 512 533
493 492 513
535 513 534
494 493 514
536 514 535
495 494 515
537 515 536
496 495 516
538 516 537
497 496 517
539 517 538
501 479 500
501 500 521
502 480 501
502 501 522
503 481 502
503 502 523
504 482 503
504 503 524
505 483 504
505 504 525
506 484 505
506 505 526
507 485 506
507 506 527
486 507 508
508 507 528
509 508 529
621 487 509
533 511 532
513 492 512
513 512 534
514 493 513
514 513 535
515 494 514
515 514 536
516 495 515
516 515 537
517 496 516
517 516 538
518 497 517
518 517 539
522 521 543
568 543 567
523 522 544
569 544 568
524 523 545
570 545 569
525 524 546
571 546 570
526 525 547
572 547 571
527 526 548
573 548 572
528 527 549
574 549 573
529 528 550
575 550 574
530 529 551
576 551 575
510 530 552
577 552 576
638 553 631
578 553 577
642 554 531
579 554 578
580 555 579
531 532 640
581 556 580
533 532 557
582 557 581
534 533 558
583 558 582
535 534 559
584 559 583
536 535 560
585 560 584
537 536 561
586 561 585
538 537 562
587 562 586
539 538 563
588 563 587
543 521 542
543 542 567
544 522 543
544 543 568
545 523 544
545 544 569
546 524 545
546 545 570
547 525 546
547 546 571
548 526 547
548 547 572
549 527 548
549 548 573
550 528 549
550 549 574
551 529 550
551 550 575
552 530 551
552 551 576
638 552 553
553 552 577
631 553 554
554 553 578
555 531 554
555 554 579
556 531 555
556 555 580
557 532 556
557 556 581
558 533 557
558 557 582
559 534 558
559 558 583
560 535 559
560 559 584
561 536 560
561 560 585
562 537 561
562 561 586
563 538 562
563 562 587
564 539 563
564 563 588
614 109 131
200 620 176
202 225 623
316 293 292
341 340 363
640 532 511
156 620 177
238 237 624
616 374 398
409 429 430
643 450 430
618 508 509
529 621 509
151 614 131
191 622 192
215 216 622
200 201 177
224 225 615
224 615 201
247 623 225
624 283 238
305 306 624
632 485 486
532 531 556
134 628 155
630 399 616
171 641 194
191 215 622
282 305 624
294 629 317
385 408 386
508 618 486
261 215 238
375 353 352
487 618 509
616 376 375
637 271 249
409 386 408
387 386 409
625 632 465
226 633 249
374 375 352
628 176 620
133 154 619
340 362 617
385 386 617
194 639 193
374 616 375
111 133 619
313 626 290
290 314 291
627 337 338
626 627 314
315 627 338
634 463 443
442 634 420
155 628 620
176 628 619
363 340 617
398 630 616
292 637 270
421 443 625
485 632 464
465 632 618
443 463 464
420 630 398
637 249 633
270 633 248
293 316 629
340 317 629
443 421 634
510 552 638
510 488 621
337 360 361
337 361 338
384 635 383
360 635 361
385 361 384
530 510 621
132 86 614
133 110 636
639 170 192
129 641 130
625 443 464
399 630 634
271 637 293
270 637 633
488 638 489
316 340 629
635 384 361
87 132 636
489 638 631
642 490 631
641 151 131
152 132 614
154 133 636
193 639 192
153 636 132
642 531 640
130 641 131
194 641 639
554 642 631
490 642 640
533 491 511
533 644 491
646 492 471
646 449 645
645 470 644
647 428 449
512 645 644
492 646 645
647 449 646
643 430 429
647 471 643
408 407 429
429 407 643
409 408 429
471 647 646
428 647 643
0
0
0
0
0
0
0
0
0
0
0
0
0
0
0
0
0
0
0
0
0
0
0
0
0
0
0
0
0
0
0
0
0
0
0
0
0
0
0
0
0
0
0
0
0
0
0
0
0
0
0
0
0
0
0
0
0
0
0
0
0
0
0
0
0
0
0
0
0
0
0
0
0
0
0
0
0
0
0
0
0
0
0
0
0
0
0
0
0
0
0
0
0
0
0
0
0
0
0
0
0
0
0
0
0
0
0
0
0
0
0
0
0
0
0
0
0
0
0
0
0
0
0
0
0
0
0
0
0
0
0
0
0
0
0
0
0
0
0
0
0
0
0
0
0
0
0
0
0
0
0
0
0
0
0
0
0
0
0
0
0
0
0
0
0
0
0
0
0
0
0
0
0
0
0
0
0
0
0
0
0
0
0
0
0
0
0
0
0
0
0
0
0
0
0
0
0
0
0
0
0
0
0
0
0
0
0
0
0
0
0
0
0
0
0
0
0
0
0
0
0
0
0
0
0
0
0
0
0
0
0
0
0
0
0
0
0
0
0
0
0
0
0
0
0
0
0
0
0
0
0
0
0
0
0
0
0
0
0
0
0
0
0
0
0
0
0
0
0
0
0
0
0
0
0
0
0
0
0
0
0
0
0
0
0
0
0
0
0
0
0
0
0
0
0
0
0
0
0
0
0
0
0
0
0
0
0
0
0
0
0
0
0
0
0
0
0
0
0
0
0
0
0
0
0
0
0
0
0
0
0
0
0
0
0
0
0
0
0
0
0
0
0
0
0
0
0
0
0
0
0
0
0
0
0
0
0
0
0
0
0
0
0
0
0
2
2
2
2
0
0
0
0
0
0
0
0
0
0
0
0
0
0
0
0
0
0
0
0
0
0
0
0
0
0
0
0
2
2
2
2
2
2
2
2
2
0
0
0
0
0
0
0
0
0
0
0
0
0
0
0
0
0
0
0
0
0
0
0
0
0
2
2
2
2
2
2
2
2
2
2
2
2
2
2
2
0
0
0
0
0
0
0
0
0
0
0
0
0
0
0
0
0
0
0
0
0
0
2
2
2
2
2
2
2
2
2
2
2
2
2
2
2
0
0
0
0
0
0
0
0
0
0
0
0
0
0
0
0
0
0
0
0
0
2
2
2
2
2
2
2
2
2
2
2
2
2
2
2
2
2
2
0
0
0
0
0
0
0
0
0
0
0
0
0
0
0
0
0
0
2
2
2
2
2
2
2
2
2
2
2
2
2
2
2
2
2
2
2
2
0
0
0
0
0
0
0
0
0
0
0
0
0
0
0
0
0
0
0
2
2
2
2
2
2
2
2
2
2
2
2
2
2
2
2
1
2
2
0
0
0
0
0
0
0
0
0
0
0
0
0
0
0
0
2
2
2
2
2
2
2
2
2
2
2
2
2
2
2
1
1
2
2
2
0
0
0
0
0
0
0
0
0
0
0
0
0
0
0
0
0
0
2
2
2
2
2
2
2
1
2
1
2
2
2
2
2
2
1
1
2
2
2
0
0
0
0
0
0
0
0
0
0
0
0
0
0
0
0
0
0
2
2
2
2
2
2
2
1
2
2
2
2
2
2
2
2
1
2
2
2
0
0
0
0
0
0
0
0
0
0
0
0
0
0
0
0
0
2
2
2
2
1
2
1
2
2
2
2
2
2
2
1
2
2
2
2
0
0
0
0
0
0
0
0
0
0
0
0
0
0
0
0
2
2
2
1
2
1
1
2
2
2
2
2
2
2
2
2
2
2
0
0
0
0
0
0
0
0
0
0
0
0
0
0
0
0
0
0
0
2
2
2
2
2
2
2
2
2
2
2
2
2
2
0
0
0
0
0
0
0
0
0
0
0
0
0
0
0
0
0
0
2
2
2
2
2
2
2
2
2
2
2
2
2
2
2
2
0
0
0
0
0
0
0
0
0
0
0
0
0
0
0
0
0
0
0
0
2
2
2
2
2
2
2
2
2
2
2
2
0
0
0
0
0
0
0
0
0
0
0
0
0
0
0
0
0
0
0
0
0
0
0
2
2
2
2
2
2
2
2
2
2
2
2
2
0
0
0
0
0
0
0
0
0
0
0
0
0
0
0
0
0
0
0
0
0
0
0
0
0
0
2
2
2
2
0
0
0
0
0
0
0
0
0
0
0
0
0
0
0
0
0
0
0
0
0
0
0
0
0
0
0
0
0
0
2
0
0
0
0
0
0
0
0
0
0
0
0
0
0
0
0
0
0
0
0
0
0
0
0
0
0
0
0
0
0
0
0
0
0
0
0
0
0
0
0
0
0
0
0
0
0
0
0
0
0
0
0
0
0
0
0
0
0
0
0
0
0
0
0
0
0
0
0
0
0
0
0
0
0
0
0
0
0
0
0
0
0
0
0
0
0
0
0
0
0
0
0
0
0
0
0
0
0
0
2
0
2
0
0
0
0
0
0
0
0
0
2
0
2
2
2
2
2
2
2
0
0
0
2
2
0
0
0
2
0
2
2
2
2
0
0
0
2
0
0
2
2
2
2
2
0
0
1
1
1
1
1
0
0
0
2
0
0
2
2
0
2
0
0
0
2
2
0
2
0
2
1
1
1
1
2
0
0
0
0
0
2
2
0
2
2
2
1
0
2
2
2
2
2
2
2
0
0
2
0
2
0
0
0
2
2
2
0
0
2
0
0
2
2
0
0
2
