41 58
0.000000 0.000000
96.000000 0.000000
185.600000 0.000000
275.200000 0.000000
364.800000 0.000000
454.400000 0.000000
544.000000 0.000000
640.000000 0.000000
0.000000 96.000000
96.000000 96.000000
185.600000 96.000000
275.200000 96.000000
364.800000 96.000000
454.400000 96.000000
544.000000 96.000000
640.000000 96.000000
0.000000 240.000000
96.000000 240.000000
140.800000 240.000000
230.400000 240.000000
320.000000 240.000000
409.600000 240.000000
499.200000 240.000000
544.000000 240.000000
640.000000 240.000000
0.000000 384.000000
96.000000 384.000000
185.600000 384.000000
275.200000 384.000000
364.800000 384.000000
454.400000 384.000000
544.000000 384.000000
640.000000 384.000000
0.000000 480.000000
96.000000 480.000000
185.600000 480.000000
275.200000 480.000000
364.800000 480.000000
454.400000 480.000000
544.000000 480.000000
640.000000 480.000000
2 1 10
10 1 9
27 26 35
35 26 34
3 2 11
11 2 10
28 27 36
36 27 35
4 3 12
12 3 11
29 28 37
37 28 36
5 4 13
13 4 12
30 29 38
38 29 37
6 5 14
14 5 13
31 30 39
39 30 38
7 6 15
15 6 14
32 31 40
40 31 39
8 7 16
16 7 15
33 32 41
41 32 40
10 9 18
18 9 17
16 15 25
25 15 24
18 17 27
27 17 26
25 24 33
33 24 32
11 10 19
28 19 27
12 11 20
29 20 28
13 12 21
30 21 29
14 13 22
31 22 30
15 14 23
32 23 31
19 10 18
19 18 27
20 11 19
20 19 28
21 12 20
21 20 29
22 13 21
22 21 30
23 14 22
23 22 31
24 15 23
24 23 32
0
0
0
0
0
0
0
0
0
0
0
0
0
0
0
0
0
0
0
0
0
0
0
0
0
0
0
0
0
0
0
0
0
0
0
0
1
1
0
0
0
0
2
2
0
0
0
0
1
1
0
0
2
2
2
2
0
0
