125 208
0.000000 0.000000
50.000000 0.000000
100.000000 0.000000
150.000000 0.000000
200.000000 0.000000
250.000000 0.000000
300.000000 0.000000
350.000000 0.000000
400.000000 0.000000
450.000000 0.000000
500.000000 0.000000
0.000000 50.000000
42.678571 49.761905
89.642857 51.428571
137.916667 50.753968
189.265873 49.404762
240.238095 47.301587
288.968254 48.730159
337.956349 49.404762
388.055556 51.944444
446.275510 59.795918
500.000000 50.000000
0.000000 100.000000
35.023810 89.428571
73.293651 98.611111
117.976190 102.936508
170.218254 95.317460
226.626984 90.595238
276.646825 89.920635
322.261905 90.595238
367.380952 96.904762
419.781746 103.531746
463.095238 113.714286
500.000000 100.000000
0.000000 150.000000
46.394558 141.292517
96.825397 149.801587
125.714286 150.000000
212.142857 125.714286
262.142857 125.714286
312.142857 125.714286
337.857143 125.714286
393.869048 143.015873
451.785714 159.625850
500.000000 150.000000
0.000000 200.000000
35.857143 187.190476
75.515873 196.984127
125.714286 201.428571
169.047619 194.841270
228.055556 189.920635
279.424603 188.611111
323.888889 186.984127
364.285714 178.571429
420.019841 198.730159
463.809524 212.142857
500.000000 200.000000
0.000000 250.000000
46.394558 240.068027
97.619048 249.087302
125.714286 250.000000
193.710317 249.603175
249.880952 248.888889
299.880952 247.698413
350.000000 250.000000
394.444444 242.857143
452.074830 257.959184
500.000000 250.000000
0.000000 300.000000
35.857143 287.142857
75.496032 296.388889
125.714286 300.000000
164.761905 305.555556
220.019841 306.349206
272.123016 305.753968
324.007937 301.984127
364.285714 278.571429
421.051587 299.087302
463.809524 312.142857
500.000000 300.000000
0.000000 350.000000
46.360544 340.340136
91.976190 341.428571
125.714286 364.285714
192.857143 364.285714
242.857143 364.285714
292.857143 364.285714
364.285714 364.285714
399.305556 349.801587
452.925170 359.319728
500.000000 350.000000
0.000000 400.000000
36.547619 387.142857
84.234694 392.108844
128.261905 413.809524
171.468254 405.952381
224.126984 406.349206
275.198413 406.349206
328.968254 405.952381
379.761905 402.976190
425.912698 403.055556
465.000000 411.428571
500.000000 400.000000
0.000000 450.000000
53.214286 441.428571
110.337302 449.206349
159.563492 451.190476
209.841270 451.587302
260.317460 451.587302
310.912698 451.587302
361.706349 451.190476
410.119048 450.396825
457.361111 451.666667
500.000000 450.000000
0.000000 500.000000
50.000000 500.000000
100.000000 500.000000
150.000000 500.000000
200.000000 500.000000
250.000000 500.000000
300.000000 500.000000
350.000000 500.000000
400.000000 500.000000
450.000000 500.000000
500.000000 500.000000
2 1 13
13 1 12
105 104 116
116 104 115
3 2 14
14 2 13
106 105 117
117 105 116
4 3 15
15 3 14
107 106 118
118 106 117
5 4 16
16 4 15
108 107 119
119 107 118
6 5 17
17 5 16
109 108 120
120 108 119
7 6 18
18 6 17
110 109 121
121 109 120
8 7 19
19 7 18
111 110 122
122 110 121
9 8 20
20 8 19
112 111 123
123 111 122
10 9 21
21 9 20
113 112 124
124 112 123
11 10 22
22 10 21
114 113 125
125 113 124
13 12 24
24 12 23
22 21 34
34 21 33
24 23 36
36 23 35
34 33 45
45 33 44
36 35 47
47 35 46
45 44 57
57 44 56
47 46 59
59 46 58
57 56 68
68 56 67
59 58 70
70 58 69
68 67 80
80 67 79
70 69 82
82 69 81
80 79 91
91 79 90
82 81 93
93 81 92
91 90 103
103 90 102
93 92 105
105 92 104
103 102 114
114 102 113
14 13 25
37 25 36
15 14 26
38 26 37
16 15 27
39 27 38
17 16 28
40 28 39
18 17 29
41 29 40
19 18 30
42 30 41
20 19 31
43 31 42
21 20 32
44 32 43
25 13 24
25 24 36
26 14 25
26 25 37
27 15 26
27 26 38
28 16 27
28 27 39
29 17 28
29 28 40
30 18 29
30 29 41
31 19 30
31 30 42
32 20 31
32 31 43
33 21 32
33 32 44
37 36 48
60 48 59
38 37 49
61 49 60
39 38 50
62 50 61
40 39 51
63 51 62
41 40 52
64 52 63
42 41 53
65 53 64
43 42 54
66 54 65
44 43 55
67 55 66
48 36 47
48 47 59
49 37 48
49 48 60
50 38 49
50 49 61
51 39 50
51 50 62
52 40 51
52 51 63
53 41 52
53 52 64
54 42 53
54 53 65
55 43 54
55 54 66
56 44 55
56 55 67
60 59 71
83 71 82
61 60 72
84 72 83
62 61 73
85 73 84
63 62 74
86 74 85
64 63 75
87 75 86
65 64 76
88 76 87
66 65 77
89 77 88
67 66 78
90 78 89
71 59 70
71 70 82
72 60 71
72 71 83
73 61 72
73 72 84
74 62 73
74 73 85
75 63 74
75 74 86
76 64 75
76 75 87
77 65 76
77 76 88
78 66 77
78 77 89
79 67 78
79 78 90
83 82 94
106 94 105
94 84 83
107 95 106
85 84 96
108 96 107
86 85 97
109 97 108
87 86 98
110 98 109
88 87 99
111 99 110
89 88 100
112 100 111
90 89 101
113 101 112
94 82 93
94 93 105
84 94 95
95 94 106
96 84 95
96 95 107
97 85 96
97 96 108
98 86 97
98 97 109
99 87 98
99 98 110
100 88 99
100 99 111
101 89 100
101 100 112
102 90 101
102 101 113
